Maze file: 05.txt
A* executions: 54
Expanded Cells: 922
Path length: 99
Solution: (50, 72)(51, 72)(52, 72)(52, 73)(52, 74)(52, 75)(52, 76)(52, 77)(52, 78)(53, 78)(54, 78)(54, 77)(54, 76)(54, 75)(54, 74)(55, 74)(56, 74)(57, 74)(58, 74)(59, 74)(60, 74)(60, 75)(60, 76)(59, 76)(58, 76)(58, 77)(58, 78)(59, 78)(60, 78)(60, 79)(60, 80)(59, 80)(58, 80)(58, 81)(58, 82)(58, 83)(58, 84)(59, 84)(60, 84)(61, 84)(62, 84)(62, 83)(62, 82)(63, 82)(64, 82)(65, 82)(66, 82)(66, 83)(66, 84)(66, 85)(66, 86)(66, 87)(66, 88)(66, 89)(66, 90)(66, 91)(66, 92)(66, 93)(66, 94)(66, 95)(66, 96)(66, 97)(66, 98)(67, 98)(68, 98)(68, 99)(68, 100)(67, 100)(66, 100)(65, 100)(64, 100)(64, 99)(64, 98)(63, 98)(62, 98)(61, 98)(60, 98)(59, 98)(58, 98)(58, 97)(58, 96)(59, 96)(60, 96)(60, 95)(60, 94)(61, 94)(62, 94)(62, 95)(62, 96)(63, 96)(64, 96)(64, 95)(64, 94)(64, 93)(64, 92)(63, 92)(62, 92)(62, 91)(61, 91)

Maze file: 06.txt
A* executions: 1437
Expanded Cells: 248804
Path length: 4986
Solution: (50, 5)(50, 6)(50, 7)(50, 8)(49, 8)(48, 8)(48, 9)(48, 10)(49, 10)(50, 10)(51, 10)(52, 10)(52, 11)(52, 12)(51, 12)(50, 12)(50, 13)(50, 14)(51, 14)(52, 14)(52, 15)(52, 16)(53, 16)(54, 16)(54, 15)(54, 14)(55, 14)(56, 14)(56, 15)(56, 16)(57, 16)(58, 16)(59, 16)(60, 16)(61, 16)(62, 16)(63, 16)(64, 16)(65, 16)(66, 16)(66, 15)(66, 14)(66, 13)(66, 12)(66, 13)(66, 14)(66, 15)(66, 16)(65, 16)(64, 16)(63, 16)(62, 16)(62, 17)(62, 18)(61, 18)(60, 18)(60, 19)(60, 20)(60, 21)(60, 22)(61, 22)(62, 22)(62, 23)(62, 24)(62, 25)(62, 26)(62, 27)(62, 28)(61, 28)(60, 28)(59, 28)(58, 28)(57, 28)(56, 28)(56, 27)(56, 26)(56, 25)(56, 24)(55, 24)(54, 24)(54, 25)(54, 26)(53, 26)(52, 26)(52, 25)(52, 24)(51, 24)(50, 24)(50, 25)(50, 26)(50, 27)(50, 28)(49, 28)(48, 28)(48, 27)(48, 26)(48, 25)(48, 24)(48, 25)(48, 26)(48, 27)(48, 28)(49, 28)(50, 28)(50, 27)(50, 26)(50, 25)(50, 24)(51, 24)(52, 24)(52, 25)(52, 26)(53, 26)(54, 26)(54, 25)(54, 24)(55, 24)(56, 24)(56, 25)(56, 26)(56, 27)(56, 28)(57, 28)(58, 28)(59, 28)(60, 28)(61, 28)(62, 28)(62, 27)(62, 26)(62, 25)(62, 24)(62, 23)(62, 22)(62, 21)(62, 20)(62, 21)(62, 22)(61, 22)(60, 22)(60, 21)(60, 20)(60, 19)(60, 18)(61, 18)(62, 18)(62, 17)(62, 16)(63, 16)(64, 16)(65, 16)(66, 16)(66, 15)(66, 14)(65, 14)(64, 14)(65, 14)(66, 14)(66, 15)(66, 16)(65, 16)(64, 16)(63, 16)(62, 16)(61, 16)(60, 16)(59, 16)(58, 16)(57, 16)(56, 16)(56, 15)(56, 14)(56, 13)(56, 12)(55, 12)(54, 12)(54, 11)(54, 10)(54, 9)(54, 8)(54, 7)(54, 6)(54, 5)(54, 4)(54, 3)(54, 2)(55, 2)(56, 2)(56, 1)(56, 0)(57, 0)(58, 0)(59, 0)(60, 0)(60, 1)(60, 2)(59, 2)(58, 2)(58, 3)(58, 4)(57, 4)(56, 4)(56, 5)(56, 6)(56, 7)(56, 8)(57, 8)(58, 8)(59, 8)(60, 8)(59, 8)(58, 8)(58, 9)(58, 10)(58, 9)(58, 8)(58, 7)(58, 6)(58, 7)(58, 8)(57, 8)(56, 8)(56, 7)(56, 6)(56, 5)(56, 4)(57, 4)(58, 4)(58, 3)(58, 2)(59, 2)(60, 2)(60, 1)(60, 0)(59, 0)(58, 0)(57, 0)(56, 0)(55, 0)(54, 0)(53, 0)(52, 0)(52, 1)(52, 2)(52, 3)(52, 4)(52, 3)(52, 2)(52, 1)(52, 0)(53, 0)(54, 0)(55, 0)(56, 0)(56, 1)(56, 2)(55, 2)(54, 2)(54, 3)(54, 4)(54, 5)(54, 6)(54, 7)(54, 8)(54, 9)(54, 10)(54, 11)(54, 12)(55, 12)(56, 12)(56, 13)(56, 14)(55, 14)(54, 14)(54, 15)(54, 16)(53, 16)(52, 16)(51, 16)(50, 16)(51, 16)(52, 16)(52, 15)(52, 14)(51, 14)(50, 14)(50, 13)(50, 12)(49, 12)(48, 12)(47, 12)(46, 12)(47, 12)(48, 12)(49, 12)(50, 12)(51, 12)(52, 12)(52, 11)(52, 10)(51, 10)(50, 10)(49, 10)(48, 10)(48, 9)(48, 8)(48, 7)(48, 6)(47, 6)(46, 6)(45, 6)(44, 6)(44, 5)(44, 4)(44, 3)(44, 2)(44, 3)(44, 4)(45, 4)(46, 4)(47, 4)(48, 4)(47, 4)(46, 4)(45, 4)(44, 4)(44, 5)(44, 6)(45, 6)(46, 6)(47, 6)(48, 6)(48, 7)(48, 8)(49, 8)(50, 8)(50, 7)(50, 6)(50, 5)(50, 4)(50, 3)(50, 2)(50, 1)(50, 0)(49, 0)(48, 0)(48, 1)(48, 2)(47, 2)(46, 2)(46, 1)(46, 0)(45, 0)(44, 0)(43, 0)(42, 0)(42, 1)(42, 2)(42, 3)(42, 4)(42, 5)(42, 6)(42, 7)(42, 8)(43, 8)(44, 8)(45, 8)(46, 8)(46, 9)(46, 10)(45, 10)(44, 10)(44, 11)(44, 12)(43, 12)(42, 12)(42, 13)(42, 14)(43, 14)(44, 14)(45, 14)(46, 14)(47, 14)(48, 14)(48, 15)(48, 16)(47, 16)(46, 16)(46, 17)(46, 18)(46, 19)(46, 20)(46, 19)(46, 18)(47, 18)(48, 18)(49, 18)(50, 18)(51, 18)(52, 18)(52, 19)(52, 20)(53, 20)(54, 20)(54, 21)(54, 22)(53, 22)(52, 22)(51, 22)(50, 22)(50, 21)(50, 20)(49, 20)(48, 20)(48, 21)(48, 22)(47, 22)(46, 22)(46, 23)(46, 24)(45, 24)(44, 24)(44, 23)(44, 22)(43, 22)(42, 22)(42, 21)(42, 20)(41, 20)(40, 20)(39, 20)(38, 20)(39, 20)(40, 20)(41, 20)(42, 20)(42, 21)(42, 22)(43, 22)(44, 22)(44, 21)(44, 20)(44, 19)(44, 18)(43, 18)(42, 18)(41, 18)(40, 18)(39, 18)(38, 18)(37, 18)(36, 18)(36, 19)(36, 20)(36, 21)(36, 22)(35, 22)(34, 22)(34, 23)(34, 24)(33, 24)(32, 24)(32, 25)(32, 26)(32, 27)(32, 28)(32, 29)(32, 30)(32, 31)(32, 32)(33, 32)(34, 32)(34, 31)(34, 30)(34, 31)(34, 32)(33, 32)(32, 32)(32, 31)(32, 30)(31, 30)(30, 30)(31, 30)(32, 30)(32, 29)(32, 28)(32, 27)(32, 26)(32, 25)(32, 24)(33, 24)(34, 24)(34, 23)(34, 22)(34, 21)(34, 20)(34, 19)(34, 18)(33, 18)(32, 18)(32, 19)(32, 20)(32, 21)(32, 22)(31, 22)(30, 22)(30, 21)(30, 20)(29, 20)(28, 20)(28, 21)(28, 22)(27, 22)(26, 22)(26, 23)(26, 24)(26, 23)(26, 22)(25, 22)(24, 22)(23, 22)(22, 22)(21, 22)(20, 22)(19, 22)(18, 22)(18, 23)(18, 24)(18, 23)(18, 22)(19, 22)(20, 22)(20, 21)(20, 20)(19, 20)(18, 20)(18, 19)(18, 18)(17, 18)(16, 18)(15, 18)(14, 18)(14, 19)(14, 20)(15, 20)(16, 20)(16, 21)(16, 22)(16, 23)(16, 24)(16, 25)(16, 26)(15, 26)(14, 26)(13, 26)(12, 26)(12, 27)(12, 28)(13, 28)(14, 28)(14, 29)(14, 30)(14, 31)(14, 32)(13, 32)(12, 32)(12, 33)(12, 34)(13, 34)(14, 34)(13, 34)(12, 34)(12, 35)(12, 36)(12, 35)(12, 34)(12, 33)(12, 32)(11, 32)(10, 32)(10, 31)(10, 30)(10, 29)(10, 28)(10, 27)(10, 26)(9, 26)(8, 26)(8, 27)(8, 28)(8, 29)(8, 30)(8, 29)(8, 28)(8, 27)(8, 26)(8, 25)(8, 24)(8, 25)(8, 26)(9, 26)(10, 26)(10, 27)(10, 28)(10, 29)(10, 30)(10, 31)(10, 32)(11, 32)(12, 32)(13, 32)(14, 32)(14, 31)(14, 30)(14, 29)(14, 28)(13, 28)(12, 28)(12, 27)(12, 26)(13, 26)(14, 26)(15, 26)(16, 26)(16, 25)(16, 24)(15, 24)(14, 24)(13, 24)(12, 24)(11, 24)(10, 24)(10, 23)(10, 22)(10, 21)(10, 20)(10, 19)(10, 18)(9, 18)(8, 18)(8, 19)(8, 20)(8, 21)(8, 22)(7, 22)(6, 22)(6, 23)(6, 24)(6, 25)(6, 26)(6, 27)(6, 28)(6, 29)(6, 30)(6, 31)(6, 32)(7, 32)(8, 32)(8, 33)(8, 34)(9, 34)(10, 34)(10, 35)(10, 36)(10, 37)(10, 38)(11, 38)(12, 38)(13, 38)(14, 38)(14, 37)(14, 36)(15, 36)(16, 36)(16, 35)(16, 34)(17, 34)(18, 34)(17, 34)(16, 34)(16, 33)(16, 32)(16, 31)(16, 30)(16, 29)(16, 28)(17, 28)(18, 28)(19, 28)(20, 28)(21, 28)(22, 28)(23, 28)(24, 28)(24, 29)(24, 30)(25, 30)(26, 30)(26, 29)(26, 28)(26, 29)(26, 30)(25, 30)(24, 30)(24, 29)(24, 28)(23, 28)(22, 28)(22, 27)(22, 26)(22, 27)(22, 28)(21, 28)(20, 28)(19, 28)(18, 28)(18, 27)(18, 26)(19, 26)(20, 26)(20, 25)(20, 24)(21, 24)(22, 24)(23, 24)(24, 24)(24, 25)(24, 26)(25, 26)(26, 26)(27, 26)(28, 26)(28, 25)(28, 24)(29, 24)(30, 24)(30, 25)(30, 26)(30, 27)(30, 28)(29, 28)(28, 28)(28, 29)(28, 30)(28, 31)(28, 32)(29, 32)(30, 32)(30, 33)(30, 34)(30, 35)(30, 36)(31, 36)(32, 36)(32, 35)(32, 34)(33, 34)(34, 34)(34, 35)(34, 36)(35, 36)(36, 36)(36, 37)(36, 38)(37, 38)(38, 38)(38, 37)(38, 36)(39, 36)(40, 36)(40, 37)(40, 38)(40, 37)(40, 36)(39, 36)(38, 36)(38, 37)(38, 38)(37, 38)(36, 38)(36, 39)(36, 40)(36, 39)(36, 38)(36, 37)(36, 36)(35, 36)(34, 36)(34, 37)(34, 38)(34, 39)(34, 40)(34, 41)(34, 42)(35, 42)(36, 42)(36, 43)(36, 44)(36, 45)(36, 46)(37, 46)(38, 46)(38, 47)(38, 48)(38, 47)(38, 46)(38, 45)(38, 44)(39, 44)(40, 44)(41, 44)(42, 44)(43, 44)(44, 44)(44, 45)(44, 46)(45, 46)(46, 46)(46, 45)(46, 44)(46, 43)(46, 42)(47, 42)(48, 42)(48, 43)(48, 44)(49, 44)(50, 44)(50, 43)(50, 42)(51, 42)(52, 42)(52, 43)(52, 44)(52, 45)(52, 46)(53, 46)(54, 46)(55, 46)(56, 46)(57, 46)(58, 46)(58, 47)(58, 48)(59, 48)(60, 48)(61, 48)(62, 48)(62, 49)(62, 50)(63, 50)(64, 50)(65, 50)(66, 50)(66, 49)(66, 48)(66, 47)(66, 46)(67, 46)(68, 46)(68, 45)(68, 44)(69, 44)(70, 44)(70, 45)(70, 46)(71, 46)(72, 46)(73, 46)(74, 46)(74, 47)(74, 48)(74, 49)(74, 50)(73, 50)(72, 50)(71, 50)(70, 50)(70, 51)(70, 52)(71, 52)(72, 52)(73, 52)(74, 52)(74, 53)(74, 54)(74, 55)(74, 56)(74, 57)(74, 58)(73, 58)(72, 58)(71, 58)(70, 58)(69, 58)(68, 58)(68, 59)(68, 60)(69, 60)(70, 60)(70, 61)(70, 62)(69, 62)(68, 62)(69, 62)(70, 62)(70, 61)(70, 60)(69, 60)(68, 60)(68, 59)(68, 58)(69, 58)(70, 58)(71, 58)(72, 58)(73, 58)(74, 58)(75, 58)(76, 58)(75, 58)(74, 58)(73, 58)(72, 58)(71, 58)(70, 58)(69, 58)(68, 58)(67, 58)(66, 58)(66, 57)(66, 56)(65, 56)(64, 56)(63, 56)(62, 56)(62, 55)(62, 54)(61, 54)(60, 54)(60, 55)(60, 56)(60, 55)(60, 54)(60, 53)(60, 52)(59, 52)(58, 52)(58, 53)(58, 54)(58, 53)(58, 52)(58, 51)(58, 50)(58, 51)(58, 52)(59, 52)(60, 52)(60, 53)(60, 54)(61, 54)(62, 54)(62, 55)(62, 56)(63, 56)(64, 56)(65, 56)(66, 56)(66, 57)(66, 58)(67, 58)(68, 58)(69, 58)(70, 58)(71, 58)(72, 58)(73, 58)(74, 58)(74, 57)(74, 56)(74, 55)(74, 54)(74, 53)(74, 52)(75, 52)(76, 52)(75, 52)(74, 52)(73, 52)(72, 52)(71, 52)(70, 52)(70, 51)(70, 50)(71, 50)(72, 50)(73, 50)(74, 50)(74, 49)(74, 48)(74, 47)(74, 46)(74, 45)(74, 44)(73, 44)(72, 44)(73, 44)(74, 44)(74, 45)(74, 46)(73, 46)(72, 46)(71, 46)(70, 46)(70, 45)(70, 44)(70, 43)(70, 42)(69, 42)(68, 42)(68, 41)(68, 40)(67, 40)(66, 40)(66, 41)(66, 42)(66, 43)(66, 44)(65, 44)(64, 44)(64, 43)(64, 42)(63, 42)(62, 42)(62, 43)(62, 44)(62, 45)(62, 46)(61, 46)(60, 46)(60, 45)(60, 44)(60, 43)(60, 42)(60, 41)(60, 40)(61, 40)(62, 40)(62, 39)(62, 38)(62, 37)(62, 36)(61, 36)(60, 36)(60, 35)(60, 34)(61, 34)(62, 34)(63, 34)(64, 34)(64, 35)(64, 36)(64, 37)(64, 38)(65, 38)(66, 38)(67, 38)(68, 38)(69, 38)(70, 38)(70, 39)(70, 40)(70, 39)(70, 38)(69, 38)(68, 38)(68, 37)(68, 36)(67, 36)(66, 36)(67, 36)(68, 36)(68, 37)(68, 38)(67, 38)(66, 38)(65, 38)(64, 38)(64, 37)(64, 36)(64, 35)(64, 34)(63, 34)(62, 34)(61, 34)(60, 34)(60, 33)(60, 32)(60, 33)(60, 34)(60, 35)(60, 36)(60, 37)(60, 38)(60, 37)(60, 36)(61, 36)(62, 36)(62, 37)(62, 38)(62, 39)(62, 40)(61, 40)(60, 40)(60, 41)(60, 42)(60, 43)(60, 44)(59, 44)(58, 44)(59, 44)(60, 44)(60, 45)(60, 46)(61, 46)(62, 46)(62, 45)(62, 44)(62, 43)(62, 42)(63, 42)(64, 42)(64, 43)(64, 44)(65, 44)(66, 44)(66, 43)(66, 42)(66, 41)(66, 40)(67, 40)(68, 40)(68, 41)(68, 42)(69, 42)(70, 42)(70, 43)(70, 44)(69, 44)(68, 44)(68, 45)(68, 46)(67, 46)(66, 46)(66, 47)(66, 48)(66, 49)(66, 50)(65, 50)(64, 50)(63, 50)(62, 50)(62, 49)(62, 48)(61, 48)(60, 48)(59, 48)(58, 48)(58, 47)(58, 46)(57, 46)(56, 46)(55, 46)(54, 46)(53, 46)(52, 46)(51, 46)(50, 46)(49, 46)(48, 46)(49, 46)(50, 46)(51, 46)(52, 46)(52, 45)(52, 44)(52, 43)(52, 42)(51, 42)(50, 42)(50, 43)(50, 44)(49, 44)(48, 44)(48, 43)(48, 42)(47, 42)(46, 42)(45, 42)(44, 42)(45, 42)(46, 42)(46, 43)(46, 44)(46, 45)(46, 46)(45, 46)(44, 46)(44, 45)(44, 44)(43, 44)(42, 44)(42, 43)(42, 42)(41, 42)(40, 42)(39, 42)(38, 42)(38, 41)(38, 40)(39, 40)(40, 40)(41, 40)(42, 40)(42, 39)(42, 38)(42, 37)(42, 36)(42, 35)(42, 34)(41, 34)(40, 34)(40, 33)(40, 32)(40, 31)(40, 30)(39, 30)(38, 30)(38, 29)(38, 28)(38, 27)(38, 26)(39, 26)(40, 26)(40, 27)(40, 28)(41, 28)(42, 28)(41, 28)(40, 28)(40, 27)(40, 26)(39, 26)(38, 26)(38, 27)(38, 28)(38, 29)(38, 30)(39, 30)(40, 30)(40, 31)(40, 32)(39, 32)(38, 32)(38, 33)(38, 34)(37, 34)(36, 34)(36, 33)(36, 32)(36, 31)(36, 30)(36, 29)(36, 28)(35, 28)(34, 28)(34, 27)(34, 26)(35, 26)(36, 26)(36, 25)(36, 24)(37, 24)(38, 24)(38, 23)(38, 22)(39, 22)(40, 22)(40, 23)(40, 24)(41, 24)(42, 24)(42, 25)(42, 26)(43, 26)(44, 26)(45, 26)(46, 26)(46, 27)(46, 28)(45, 28)(44, 28)(44, 29)(44, 30)(43, 30)(42, 30)(42, 31)(42, 32)(43, 32)(44, 32)(44, 33)(44, 34)(45, 34)(46, 34)(45, 34)(44, 34)(44, 35)(44, 36)(45, 36)(46, 36)(47, 36)(48, 36)(48, 37)(48, 38)(49, 38)(50, 38)(49, 38)(48, 38)(48, 37)(48, 36)(47, 36)(46, 36)(46, 37)(46, 38)(45, 38)(44, 38)(44, 39)(44, 40)(45, 40)(46, 40)(47, 40)(48, 40)(49, 40)(50, 40)(51, 40)(52, 40)(52, 39)(52, 38)(53, 38)(54, 38)(54, 37)(54, 36)(54, 35)(54, 34)(54, 33)(54, 32)(53, 32)(52, 32)(51, 32)(50, 32)(51, 32)(52, 32)(52, 33)(52, 34)(52, 33)(52, 32)(53, 32)(54, 32)(54, 33)(54, 34)(54, 35)(54, 36)(54, 37)(54, 38)(53, 38)(52, 38)(52, 37)(52, 36)(51, 36)(50, 36)(50, 35)(50, 34)(49, 34)(48, 34)(48, 33)(48, 32)(47, 32)(46, 32)(46, 31)(46, 30)(47, 30)(48, 30)(49, 30)(50, 30)(51, 30)(52, 30)(52, 29)(52, 28)(53, 28)(54, 28)(54, 29)(54, 30)(55, 30)(56, 30)(56, 31)(56, 32)(56, 33)(56, 34)(56, 35)(56, 36)(56, 37)(56, 38)(56, 39)(56, 40)(55, 40)(54, 40)(54, 41)(54, 42)(54, 43)(54, 44)(55, 44)(56, 44)(56, 43)(56, 42)(57, 42)(58, 42)(58, 41)(58, 40)(58, 39)(58, 38)(58, 37)(58, 36)(58, 35)(58, 34)(58, 33)(58, 32)(58, 31)(58, 30)(59, 30)(60, 30)(61, 30)(62, 30)(62, 31)(62, 32)(63, 32)(64, 32)(64, 31)(64, 30)(65, 30)(66, 30)(66, 31)(66, 32)(66, 33)(66, 34)(67, 34)(68, 34)(69, 34)(70, 34)(71, 34)(72, 34)(73, 34)(74, 34)(74, 35)(74, 36)(74, 35)(74, 34)(73, 34)(72, 34)(71, 34)(70, 34)(70, 35)(70, 36)(71, 36)(72, 36)(72, 37)(72, 38)(72, 39)(72, 40)(72, 41)(72, 42)(73, 42)(74, 42)(75, 42)(76, 42)(76, 41)(76, 40)(76, 41)(76, 42)(75, 42)(74, 42)(74, 41)(74, 40)(74, 39)(74, 38)(75, 38)(76, 38)(76, 37)(76, 36)(76, 35)(76, 34)(77, 34)(78, 34)(79, 34)(80, 34)(80, 33)(80, 32)(81, 32)(82, 32)(83, 32)(84, 32)(84, 31)(84, 30)(85, 30)(86, 30)(86, 31)(86, 32)(86, 31)(86, 30)(86, 29)(86, 28)(86, 27)(86, 26)(85, 26)(84, 26)(84, 27)(84, 28)(84, 27)(84, 26)(85, 26)(86, 26)(86, 27)(86, 28)(86, 29)(86, 30)(85, 30)(84, 30)(84, 31)(84, 32)(83, 32)(82, 32)(81, 32)(80, 32)(79, 32)(78, 32)(79, 32)(80, 32)(80, 33)(80, 34)(79, 34)(78, 34)(77, 34)(76, 34)(76, 33)(76, 32)(76, 31)(76, 30)(76, 29)(76, 28)(76, 29)(76, 30)(77, 30)(78, 30)(79, 30)(80, 30)(81, 30)(82, 30)(82, 29)(82, 28)(82, 27)(82, 26)(81, 26)(80, 26)(80, 27)(80, 28)(79, 28)(78, 28)(78, 27)(78, 26)(78, 25)(78, 24)(78, 23)(78, 22)(77, 22)(76, 22)(75, 22)(74, 22)(75, 22)(76, 22)(77, 22)(78, 22)(78, 23)(78, 24)(78, 25)(78, 26)(77, 26)(76, 26)(76, 25)(76, 24)(75, 24)(74, 24)(73, 24)(72, 24)(72, 23)(72, 22)(71, 22)(70, 22)(70, 23)(70, 24)(70, 25)(70, 26)(70, 27)(70, 28)(71, 28)(72, 28)(72, 29)(72, 30)(71, 30)(70, 30)(71, 30)(72, 30)(72, 29)(72, 28)(71, 28)(70, 28)(70, 27)(70, 26)(71, 26)(72, 26)(73, 26)(74, 26)(74, 27)(74, 28)(74, 29)(74, 30)(74, 31)(74, 32)(73, 32)(72, 32)(71, 32)(70, 32)(69, 32)(68, 32)(68, 31)(68, 30)(68, 29)(68, 28)(68, 27)(68, 26)(67, 26)(66, 26)(66, 27)(66, 28)(65, 28)(64, 28)(64, 27)(64, 26)(64, 25)(64, 24)(65, 24)(66, 24)(67, 24)(68, 24)(68, 23)(68, 22)(68, 21)(68, 20)(67, 20)(66, 20)(66, 21)(66, 22)(65, 22)(64, 22)(64, 21)(64, 20)(64, 19)(64, 18)(65, 18)(66, 18)(67, 18)(68, 18)(68, 17)(68, 16)(69, 16)(70, 16)(70, 15)(70, 14)(70, 15)(70, 16)(69, 16)(68, 16)(68, 15)(68, 14)(68, 13)(68, 12)(68, 11)(68, 10)(68, 9)(68, 8)(67, 8)(66, 8)(65, 8)(64, 8)(65, 8)(66, 8)(67, 8)(68, 8)(68, 9)(68, 10)(67, 10)(66, 10)(65, 10)(64, 10)(64, 11)(64, 12)(63, 12)(62, 12)(62, 13)(62, 14)(61, 14)(60, 14)(59, 14)(58, 14)(58, 13)(58, 12)(59, 12)(60, 12)(60, 11)(60, 10)(61, 10)(62, 10)(62, 9)(62, 8)(62, 7)(62, 6)(61, 6)(60, 6)(60, 5)(60, 4)(61, 4)(62, 4)(62, 3)(62, 2)(62, 1)(62, 0)(63, 0)(64, 0)(65, 0)(66, 0)(67, 0)(68, 0)(69, 0)(70, 0)(70, 1)(70, 2)(70, 3)(70, 4)(70, 3)(70, 2)(70, 1)(70, 0)(69, 0)(68, 0)(67, 0)(66, 0)(65, 0)(64, 0)(64, 1)(64, 2)(65, 2)(66, 2)(67, 2)(68, 2)(68, 3)(68, 4)(67, 4)(66, 4)(65, 4)(64, 4)(64, 5)(64, 6)(65, 6)(66, 6)(67, 6)(68, 6)(69, 6)(70, 6)(71, 6)(72, 6)(73, 6)(74, 6)(74, 7)(74, 8)(73, 8)(72, 8)(71, 8)(70, 8)(70, 9)(70, 10)(70, 11)(70, 12)(71, 12)(72, 12)(72, 11)(72, 10)(73, 10)(74, 10)(74, 11)(74, 12)(75, 12)(76, 12)(76, 11)(76, 10)(77, 10)(78, 10)(77, 10)(76, 10)(76, 9)(76, 8)(77, 8)(78, 8)(78, 7)(78, 6)(79, 6)(80, 6)(79, 6)(78, 6)(78, 5)(78, 4)(79, 4)(80, 4)(80, 3)(80, 2)(79, 2)(78, 2)(77, 2)(76, 2)(75, 2)(74, 2)(75, 2)(76, 2)(76, 3)(76, 4)(75, 4)(74, 4)(73, 4)(72, 4)(72, 3)(72, 2)(72, 1)(72, 0)(73, 0)(74, 0)(75, 0)(76, 0)(77, 0)(78, 0)(79, 0)(80, 0)(81, 0)(82, 0)(83, 0)(84, 0)(85, 0)(86, 0)(87, 0)(88, 0)(88, 1)(88, 2)(87, 2)(86, 2)(85, 2)(84, 2)(83, 2)(82, 2)(82, 3)(82, 4)(82, 5)(82, 6)(83, 6)(84, 6)(85, 6)(86, 6)(85, 6)(84, 6)(84, 5)(84, 4)(85, 4)(86, 4)(87, 4)(88, 4)(89, 4)(90, 4)(90, 5)(90, 6)(89, 6)(88, 6)(88, 7)(88, 8)(88, 9)(88, 10)(87, 10)(86, 10)(86, 9)(86, 8)(85, 8)(84, 8)(83, 8)(82, 8)(81, 8)(80, 8)(80, 9)(80, 10)(81, 10)(82, 10)(83, 10)(84, 10)(84, 11)(84, 12)(84, 13)(84, 14)(85, 14)(86, 14)(86, 13)(86, 12)(87, 12)(88, 12)(88, 13)(88, 14)(89, 14)(90, 14)(91, 14)(92, 14)(92, 13)(92, 12)(93, 12)(94, 12)(93, 12)(92, 12)(92, 13)(92, 14)(91, 14)(90, 14)(90, 13)(90, 12)(90, 11)(90, 10)(90, 9)(90, 8)(91, 8)(92, 8)(92, 9)(92, 10)(93, 10)(94, 10)(95, 10)(96, 10)(96, 11)(96, 12)(97, 12)(98, 12)(99, 12)(100, 12)(100, 13)(100, 14)(99, 14)(98, 14)(98, 15)(98, 16)(98, 17)(98, 18)(98, 19)(98, 20)(98, 21)(98, 22)(98, 23)(98, 24)(98, 23)(98, 22)(98, 21)(98, 20)(98, 19)(98, 18)(98, 17)(98, 16)(99, 16)(100, 16)(100, 17)(100, 18)(100, 19)(100, 20)(100, 21)(100, 22)(100, 23)(100, 24)(100, 25)(100, 26)(99, 26)(98, 26)(97, 26)(96, 26)(95, 26)(94, 26)(93, 26)(92, 26)(92, 27)(92, 28)(91, 28)(90, 28)(90, 27)(90, 26)(90, 25)(90, 24)(91, 24)(92, 24)(93, 24)(94, 24)(94, 23)(94, 22)(94, 23)(94, 24)(95, 24)(96, 24)(96, 23)(96, 22)(96, 21)(96, 20)(95, 20)(94, 20)(94, 19)(94, 18)(95, 18)(96, 18)(96, 17)(96, 16)(96, 15)(96, 14)(95, 14)(94, 14)(94, 15)(94, 16)(93, 16)(92, 16)(91, 16)(90, 16)(89, 16)(88, 16)(87, 16)(86, 16)(86, 17)(86, 18)(85, 18)(84, 18)(83, 18)(82, 18)(82, 19)(82, 20)(82, 21)(82, 22)(82, 21)(82, 20)(82, 19)(82, 18)(83, 18)(84, 18)(85, 18)(86, 18)(86, 17)(86, 16)(85, 16)(84, 16)(83, 16)(82, 16)(81, 16)(80, 16)(79, 16)(78, 16)(79, 16)(80, 16)(80, 15)(80, 14)(81, 14)(82, 14)(82, 13)(82, 12)(81, 12)(80, 12)(79, 12)(78, 12)(78, 13)(78, 14)(77, 14)(76, 14)(76, 15)(76, 16)(75, 16)(74, 16)(74, 15)(74, 14)(73, 14)(72, 14)(72, 15)(72, 16)(72, 17)(72, 18)(71, 18)(70, 18)(70, 19)(70, 20)(71, 20)(72, 20)(73, 20)(74, 20)(74, 19)(74, 18)(75, 18)(76, 18)(76, 19)(76, 20)(77, 20)(78, 20)(78, 19)(78, 18)(79, 18)(80, 18)(80, 19)(80, 20)(80, 21)(80, 22)(80, 23)(80, 24)(81, 24)(82, 24)(83, 24)(84, 24)(85, 24)(86, 24)(86, 23)(86, 22)(85, 22)(84, 22)(84, 21)(84, 20)(85, 20)(86, 20)(87, 20)(88, 20)(89, 20)(90, 20)(89, 20)(88, 20)(88, 19)(88, 18)(89, 18)(90, 18)(91, 18)(92, 18)(92, 19)(92, 20)(92, 21)(92, 22)(91, 22)(90, 22)(89, 22)(88, 22)(88, 23)(88, 24)(88, 25)(88, 26)(88, 27)(88, 28)(88, 29)(88, 30)(88, 31)(88, 32)(89, 32)(90, 32)(90, 33)(90, 34)(89, 34)(88, 34)(87, 34)(86, 34)(86, 35)(86, 36)(87, 36)(88, 36)(89, 36)(90, 36)(90, 37)(90, 38)(90, 39)(90, 40)(91, 40)(92, 40)(92, 39)(92, 38)(93, 38)(94, 38)(94, 39)(94, 40)(94, 41)(94, 42)(94, 43)(94, 44)(94, 45)(94, 46)(93, 46)(92, 46)(92, 45)(92, 44)(92, 43)(92, 42)(91, 42)(90, 42)(89, 42)(88, 42)(87, 42)(86, 42)(85, 42)(84, 42)(85, 42)(86, 42)(87, 42)(88, 42)(88, 41)(88, 40)(88, 39)(88, 38)(87, 38)(86, 38)(86, 39)(86, 40)(85, 40)(84, 40)(84, 39)(84, 38)(84, 37)(84, 36)(84, 35)(84, 34)(83, 34)(82, 34)(82, 35)(82, 36)(82, 37)(82, 38)(81, 38)(80, 38)(80, 37)(80, 36)(79, 36)(78, 36)(78, 37)(78, 38)(78, 39)(78, 40)(78, 41)(78, 42)(79, 42)(80, 42)(80, 41)(80, 40)(81, 40)(82, 40)(82, 41)(82, 42)(82, 43)(82, 44)(82, 45)(82, 46)(83, 46)(84, 46)(84, 45)(84, 44)(85, 44)(86, 44)(86, 45)(86, 46)(86, 47)(86, 48)(85, 48)(84, 48)(83, 48)(82, 48)(82, 49)(82, 50)(82, 51)(82, 52)(82, 53)(82, 54)(81, 54)(80, 54)(80, 53)(80, 52)(80, 51)(80, 50)(80, 49)(80, 48)(79, 48)(78, 48)(78, 47)(78, 46)(78, 47)(78, 48)(79, 48)(80, 48)(80, 47)(80, 46)(80, 45)(80, 44)(79, 44)(78, 44)(77, 44)(76, 44)(76, 45)(76, 46)(76, 47)(76, 48)(76, 49)(76, 50)(77, 50)(78, 50)(78, 51)(78, 52)(78, 53)(78, 54)(77, 54)(76, 54)(76, 55)(76, 56)(77, 56)(78, 56)(78, 57)(78, 58)(78, 59)(78, 60)(77, 60)(76, 60)(76, 61)(76, 62)(77, 62)(78, 62)(78, 63)(78, 64)(78, 65)(78, 66)(78, 65)(78, 64)(79, 64)(80, 64)(79, 64)(78, 64)(78, 63)(78, 62)(79, 62)(80, 62)(80, 61)(80, 60)(81, 60)(82, 60)(83, 60)(84, 60)(84, 61)(84, 62)(83, 62)(82, 62)(82, 63)(82, 64)(82, 65)(82, 66)(81, 66)(80, 66)(80, 67)(80, 68)(80, 69)(80, 70)(81, 70)(82, 70)(82, 71)(82, 72)(81, 72)(80, 72)(79, 72)(78, 72)(78, 73)(78, 74)(77, 74)(76, 74)(76, 75)(76, 76)(76, 77)(76, 78)(75, 78)(74, 78)(74, 77)(74, 76)(73, 76)(72, 76)(72, 75)(72, 74)(73, 74)(74, 74)(74, 73)(74, 72)(75, 72)(76, 72)(76, 71)(76, 70)(77, 70)(78, 70)(78, 69)(78, 68)(77, 68)(76, 68)(75, 68)(74, 68)(74, 69)(74, 70)(73, 70)(72, 70)(72, 69)(72, 68)(72, 67)(72, 66)(73, 66)(74, 66)(75, 66)(76, 66)(76, 65)(76, 64)(75, 64)(74, 64)(74, 63)(74, 62)(74, 61)(74, 60)(73, 60)(72, 60)(72, 61)(72, 62)(72, 63)(72, 64)(71, 64)(70, 64)(69, 64)(68, 64)(67, 64)(66, 64)(66, 65)(66, 66)(66, 67)(66, 68)(66, 69)(66, 70)(65, 70)(64, 70)(64, 69)(64, 68)(63, 68)(62, 68)(61, 68)(60, 68)(60, 67)(60, 66)(59, 66)(58, 66)(58, 65)(58, 64)(58, 63)(58, 62)(59, 62)(60, 62)(60, 61)(60, 60)(61, 60)(62, 60)(62, 61)(62, 62)(63, 62)(64, 62)(65, 62)(66, 62)(66, 61)(66, 60)(65, 60)(64, 60)(64, 59)(64, 58)(63, 58)(62, 58)(61, 58)(60, 58)(59, 58)(58, 58)(58, 57)(58, 56)(57, 56)(56, 56)(55, 56)(54, 56)(53, 56)(52, 56)(52, 55)(52, 54)(53, 54)(54, 54)(55, 54)(56, 54)(56, 53)(56, 52)(56, 51)(56, 50)(56, 49)(56, 48)(55, 48)(54, 48)(53, 48)(52, 48)(52, 49)(52, 50)(51, 50)(50, 50)(50, 49)(50, 48)(49, 48)(48, 48)(47, 48)(46, 48)(46, 49)(46, 50)(45, 50)(44, 50)(43, 50)(42, 50)(43, 50)(44, 50)(44, 49)(44, 48)(43, 48)(42, 48)(42, 47)(42, 46)(41, 46)(40, 46)(40, 47)(40, 48)(40, 49)(40, 50)(39, 50)(38, 50)(38, 51)(38, 52)(39, 52)(40, 52)(41, 52)(42, 52)(43, 52)(44, 52)(44, 53)(44, 54)(43, 54)(42, 54)(41, 54)(40, 54)(39, 54)(38, 54)(37, 54)(36, 54)(36, 55)(36, 56)(35, 56)(34, 56)(33, 56)(32, 56)(31, 56)(30, 56)(30, 57)(30, 58)(29, 58)(28, 58)(28, 59)(28, 60)(27, 60)(26, 60)(26, 59)(26, 58)(26, 57)(26, 56)(27, 56)(28, 56)(28, 55)(28, 54)(28, 53)(28, 52)(27, 52)(26, 52)(26, 53)(26, 54)(25, 54)(24, 54)(23, 54)(22, 54)(22, 53)(22, 52)(23, 52)(24, 52)(24, 51)(24, 50)(24, 49)(24, 48)(24, 47)(24, 46)(23, 46)(22, 46)(22, 45)(22, 44)(23, 44)(24, 44)(25, 44)(26, 44)(26, 43)(26, 42)(25, 42)(24, 42)(23, 42)(22, 42)(22, 41)(22, 40)(21, 40)(20, 40)(20, 41)(20, 42)(20, 41)(20, 40)(20, 39)(20, 38)(21, 38)(22, 38)(23, 38)(24, 38)(24, 37)(24, 36)(24, 35)(24, 34)(23, 34)(22, 34)(22, 35)(22, 36)(22, 35)(22, 34)(23, 34)(24, 34)(24, 35)(24, 36)(24, 37)(24, 38)(24, 39)(24, 40)(25, 40)(26, 40)(25, 40)(24, 40)(24, 39)(24, 38)(23, 38)(22, 38)(21, 38)(20, 38)(20, 39)(20, 40)(21, 40)(22, 40)(22, 41)(22, 42)(23, 42)(24, 42)(25, 42)(26, 42)(27, 42)(28, 42)(28, 43)(28, 44)(28, 45)(28, 46)(29, 46)(30, 46)(30, 45)(30, 44)(30, 43)(30, 42)(30, 43)(30, 44)(30, 45)(30, 46)(30, 47)(30, 48)(29, 48)(28, 48)(29, 48)(30, 48)(30, 47)(30, 46)(29, 46)(28, 46)(27, 46)(26, 46)(27, 46)(28, 46)(28, 45)(28, 44)(28, 43)(28, 42)(27, 42)(26, 42)(26, 43)(26, 44)(25, 44)(24, 44)(23, 44)(22, 44)(22, 45)(22, 46)(23, 46)(24, 46)(24, 47)(24, 48)(25, 48)(26, 48)(26, 49)(26, 50)(27, 50)(28, 50)(29, 50)(30, 50)(31, 50)(32, 50)(33, 50)(34, 50)(35, 50)(36, 50)(36, 49)(36, 48)(35, 48)(34, 48)(33, 48)(32, 48)(32, 47)(32, 46)(33, 46)(34, 46)(34, 45)(34, 44)(33, 44)(32, 44)(32, 43)(32, 42)(32, 41)(32, 40)(31, 40)(30, 40)(29, 40)(28, 40)(28, 39)(28, 38)(27, 38)(26, 38)(26, 37)(26, 36)(27, 36)(28, 36)(28, 35)(28, 34)(27, 34)(26, 34)(26, 33)(26, 32)(25, 32)(24, 32)(23, 32)(22, 32)(22, 31)(22, 30)(21, 30)(20, 30)(19, 30)(18, 30)(18, 31)(18, 32)(19, 32)(20, 32)(20, 33)(20, 34)(20, 35)(20, 36)(19, 36)(18, 36)(18, 37)(18, 38)(18, 39)(18, 40)(18, 41)(18, 42)(17, 42)(16, 42)(16, 43)(16, 44)(17, 44)(18, 44)(19, 44)(20, 44)(20, 45)(20, 46)(20, 47)(20, 48)(21, 48)(22, 48)(22, 49)(22, 50)(21, 50)(20, 50)(20, 51)(20, 52)(19, 52)(18, 52)(18, 51)(18, 50)(18, 49)(18, 48)(17, 48)(16, 48)(16, 47)(16, 46)(15, 46)(14, 46)(14, 47)(14, 48)(13, 48)(12, 48)(11, 48)(10, 48)(10, 47)(10, 46)(9, 46)(8, 46)(9, 46)(10, 46)(10, 47)(10, 48)(11, 48)(12, 48)(12, 47)(12, 46)(12, 45)(12, 44)(11, 44)(10, 44)(9, 44)(8, 44)(7, 44)(6, 44)(6, 43)(6, 42)(6, 41)(6, 40)(5, 40)(4, 40)(4, 39)(4, 38)(3, 38)(2, 38)(3, 38)(4, 38)(4, 39)(4, 40)(5, 40)(6, 40)(6, 41)(6, 42)(6, 43)(6, 44)(7, 44)(8, 44)(8, 43)(8, 42)(8, 41)(8, 40)(8, 39)(8, 38)(7, 38)(6, 38)(6, 37)(6, 36)(5, 36)(4, 36)(3, 36)(2, 36)(2, 35)(2, 34)(3, 34)(4, 34)(4, 33)(4, 32)(3, 32)(2, 32)(2, 31)(2, 30)(1, 30)(0, 30)(0, 31)(0, 32)(0, 33)(0, 34)(0, 35)(0, 36)(0, 37)(0, 38)(0, 39)(0, 40)(1, 40)(2, 40)(2, 41)(2, 42)(3, 42)(4, 42)(4, 43)(4, 44)(3, 44)(2, 44)(1, 44)(0, 44)(0, 45)(0, 46)(0, 47)(0, 48)(0, 49)(0, 50)(1, 50)(2, 50)(1, 50)(0, 50)(0, 51)(0, 52)(1, 52)(2, 52)(3, 52)(4, 52)(4, 53)(4, 54)(4, 53)(4, 52)(3, 52)(2, 52)(2, 53)(2, 54)(1, 54)(0, 54)(0, 55)(0, 56)(1, 56)(2, 56)(3, 56)(4, 56)(5, 56)(6, 56)(6, 55)(6, 54)(6, 53)(6, 52)(6, 51)(6, 50)(5, 50)(4, 50)(4, 49)(4, 48)(3, 48)(2, 48)(2, 47)(2, 46)(3, 46)(4, 46)(5, 46)(6, 46)(6, 47)(6, 48)(7, 48)(8, 48)(8, 49)(8, 50)(9, 50)(10, 50)(11, 50)(12, 50)(12, 51)(12, 52)(11, 52)(10, 52)(10, 53)(10, 54)(11, 54)(12, 54)(12, 55)(12, 56)(12, 57)(12, 58)(11, 58)(10, 58)(10, 59)(10, 60)(10, 61)(10, 62)(10, 63)(10, 64)(9, 64)(8, 64)(8, 65)(8, 66)(7, 66)(6, 66)(6, 65)(6, 64)(6, 63)(6, 62)(5, 62)(4, 62)(3, 62)(2, 62)(1, 62)(0, 62)(0, 63)(0, 64)(1, 64)(2, 64)(2, 65)(2, 66)(1, 66)(0, 66)(0, 67)(0, 68)(1, 68)(2, 68)(2, 69)(2, 70)(2, 71)(2, 72)(1, 72)(0, 72)(0, 73)(0, 74)(0, 75)(0, 76)(1, 76)(2, 76)(3, 76)(4, 76)(4, 77)(4, 78)(3, 78)(2, 78)(1, 78)(0, 78)(0, 79)(0, 80)(1, 80)(2, 80)(2, 81)(2, 82)(3, 82)(4, 82)(4, 81)(4, 80)(5, 80)(6, 80)(6, 81)(6, 82)(7, 82)(8, 82)(9, 82)(10, 82)(10, 81)(10, 80)(10, 79)(10, 78)(11, 78)(12, 78)(12, 79)(12, 80)(12, 81)(12, 82)(12, 83)(12, 84)(12, 85)(12, 86)(12, 87)(12, 88)(11, 88)(10, 88)(10, 89)(10, 90)(11, 90)(12, 90)(12, 91)(12, 92)(13, 92)(14, 92)(14, 91)(14, 90)(14, 91)(14, 92)(13, 92)(12, 92)(12, 91)(12, 90)(11, 90)(10, 90)(9, 90)(8, 90)(8, 89)(8, 88)(7, 88)(6, 88)(5, 88)(4, 88)(4, 89)(4, 90)(5, 90)(6, 90)(5, 90)(4, 90)(4, 89)(4, 88)(5, 88)(6, 88)(6, 87)(6, 86)(6, 87)(6, 88)(7, 88)(8, 88)(8, 89)(8, 90)(9, 90)(10, 90)(10, 89)(10, 88)(11, 88)(12, 88)(12, 87)(12, 86)(12, 85)(12, 84)(11, 84)(10, 84)(10, 85)(10, 86)(9, 86)(8, 86)(8, 85)(8, 84)(7, 84)(6, 84)(5, 84)(4, 84)(4, 85)(4, 86)(3, 86)(2, 86)(1, 86)(0, 86)(0, 87)(0, 88)(1, 88)(2, 88)(2, 89)(2, 90)(2, 91)(2, 92)(3, 92)(4, 92)(5, 92)(6, 92)(6, 93)(6, 94)(6, 95)(6, 96)(6, 97)(6, 98)(7, 98)(8, 98)(9, 98)(10, 98)(10, 97)(10, 96)(9, 96)(8, 96)(8, 95)(8, 94)(8, 93)(8, 92)(9, 92)(10, 92)(10, 93)(10, 94)(11, 94)(12, 94)(13, 94)(14, 94)(14, 95)(14, 96)(15, 96)(16, 96)(16, 97)(16, 98)(17, 98)(18, 98)(18, 97)(18, 96)(18, 95)(18, 94)(17, 94)(16, 94)(16, 93)(16, 92)(16, 91)(16, 90)(16, 89)(16, 88)(15, 88)(14, 88)(14, 87)(14, 86)(15, 86)(16, 86)(17, 86)(18, 86)(18, 87)(18, 88)(18, 89)(18, 90)(18, 91)(18, 92)(19, 92)(20, 92)(21, 92)(22, 92)(22, 93)(22, 94)(23, 94)(24, 94)(24, 95)(24, 96)(25, 96)(26, 96)(26, 97)(26, 98)(26, 99)(26, 100)(27, 100)(28, 100)(29, 100)(30, 100)(30, 99)(30, 98)(29, 98)(28, 98)(28, 97)(28, 96)(29, 96)(30, 96)(31, 96)(32, 96)(32, 97)(32, 98)(32, 99)(32, 100)(33, 100)(34, 100)(35, 100)(36, 100)(37, 100)(38, 100)(39, 100)(40, 100)(41, 100)(42, 100)(43, 100)(44, 100)(45, 100)(46, 100)(47, 100)(48, 100)(49, 100)(50, 100)(51, 100)(52, 100)(53, 100)(54, 100)(55, 100)(56, 100)(55, 100)(54, 100)(53, 100)(52, 100)(51, 100)(50, 100)(50, 99)(50, 98)(50, 97)(50, 96)(51, 96)(52, 96)(52, 97)(52, 98)(53, 98)(54, 98)(54, 97)(54, 96)(54, 95)(54, 94)(55, 94)(56, 94)(56, 95)(56, 96)(56, 97)(56, 98)(57, 98)(58, 98)(58, 99)(58, 100)(59, 100)(60, 100)(61, 100)(62, 100)(63, 100)(64, 100)(63, 100)(62, 100)(62, 99)(62, 98)(62, 99)(62, 100)(61, 100)(60, 100)(60, 99)(60, 98)(60, 97)(60, 96)(61, 96)(62, 96)(63, 96)(64, 96)(64, 97)(64, 98)(65, 98)(66, 98)(66, 99)(66, 100)(67, 100)(68, 100)(69, 100)(70, 100)(71, 100)(72, 100)(73, 100)(74, 100)(74, 99)(74, 98)(75, 98)(76, 98)(76, 99)(76, 100)(77, 100)(78, 100)(78, 99)(78, 98)(78, 97)(78, 96)(78, 95)(78, 94)(79, 94)(80, 94)(81, 94)(82, 94)(82, 95)(82, 96)(82, 97)(82, 98)(81, 98)(80, 98)(80, 99)(80, 100)(81, 100)(82, 100)(83, 100)(84, 100)(85, 100)(86, 100)(86, 99)(86, 98)(87, 98)(88, 98)(88, 97)(88, 96)(87, 96)(86, 96)(86, 95)(86, 94)(87, 94)(88, 94)(88, 93)(88, 92)(89, 92)(90, 92)(90, 91)(90, 90)(91, 90)(92, 90)(92, 91)(92, 92)(92, 93)(92, 94)(92, 95)(92, 96)(93, 96)(94, 96)(94, 97)(94, 98)(93, 98)(92, 98)(91, 98)(90, 98)(90, 99)(90, 100)(91, 100)(92, 100)(93, 100)(94, 100)(95, 100)(96, 100)(96, 99)(96, 98)(96, 97)(96, 96)(96, 97)(96, 98)(96, 99)(96, 100)(95, 100)(94, 100)(93, 100)(92, 100)(91, 100)(90, 100)(90, 99)(90, 98)(91, 98)(92, 98)(93, 98)(94, 98)(94, 97)(94, 96)(93, 96)(92, 96)(92, 95)(92, 94)(92, 93)(92, 92)(92, 91)(92, 90)(91, 90)(90, 90)(90, 91)(90, 92)(89, 92)(88, 92)(88, 93)(88, 94)(87, 94)(86, 94)(86, 95)(86, 96)(87, 96)(88, 96)(88, 97)(88, 98)(87, 98)(86, 98)(86, 99)(86, 100)(85, 100)(84, 100)(83, 100)(82, 100)(81, 100)(80, 100)(80, 99)(80, 98)(81, 98)(82, 98)(82, 97)(82, 96)(82, 95)(82, 94)(81, 94)(80, 94)(79, 94)(78, 94)(78, 95)(78, 96)(78, 97)(78, 98)(78, 99)(78, 100)(77, 100)(76, 100)(76, 99)(76, 98)(75, 98)(74, 98)(74, 99)(74, 100)(73, 100)(72, 100)(71, 100)(70, 100)(69, 100)(68, 100)(67, 100)(66, 100)(66, 99)(66, 98)(65, 98)(64, 98)(64, 97)(64, 96)(63, 96)(62, 96)(61, 96)(60, 96)(60, 97)(60, 98)(60, 99)(60, 100)(59, 100)(58, 100)(58, 99)(58, 98)(57, 98)(56, 98)(56, 97)(56, 96)(56, 95)(56, 94)(55, 94)(54, 94)(54, 95)(54, 96)(54, 97)(54, 98)(53, 98)(52, 98)(52, 97)(52, 96)(51, 96)(50, 96)(50, 97)(50, 98)(50, 99)(50, 100)(49, 100)(48, 100)(47, 100)(46, 100)(45, 100)(44, 100)(43, 100)(42, 100)(41, 100)(40, 100)(39, 100)(38, 100)(37, 100)(36, 100)(35, 100)(34, 100)(33, 100)(32, 100)(32, 99)(32, 98)(32, 97)(32, 96)(31, 96)(30, 96)(29, 96)(28, 96)(28, 97)(28, 98)(29, 98)(30, 98)(30, 99)(30, 100)(29, 100)(28, 100)(27, 100)(26, 100)(26, 99)(26, 98)(26, 97)(26, 96)(25, 96)(24, 96)(24, 95)(24, 94)(23, 94)(22, 94)(22, 93)(22, 92)(21, 92)(20, 92)(19, 92)(18, 92)(18, 91)(18, 90)(18, 89)(18, 88)(18, 87)(18, 86)(17, 86)(16, 86)(15, 86)(14, 86)(14, 87)(14, 88)(15, 88)(16, 88)(16, 89)(16, 90)(16, 91)(16, 92)(16, 93)(16, 94)(17, 94)(18, 94)(18, 95)(18, 96)(18, 97)(18, 98)(17, 98)(16, 98)(16, 97)(16, 96)(15, 96)(14, 96)(14, 95)(14, 94)(13, 94)(12, 94)(11, 94)(10, 94)(10, 93)(10, 92)(9, 92)(8, 92)(8, 93)(8, 94)(8, 95)(8, 96)(9, 96)(10, 96)(10, 97)(10, 98)(9, 98)(8, 98)(7, 98)(6, 98)(6, 97)(6, 96)(6, 95)(6, 94)(6, 93)(6, 92)(5, 92)(4, 92)(3, 92)(2, 92)(2, 91)(2, 90)(2, 89)(2, 88)(1, 88)(0, 88)(0, 87)(0, 86)(1, 86)(2, 86)(3, 86)(4, 86)(4, 85)(4, 84)(5, 84)(6, 84)(7, 84)(8, 84)(8, 85)(8, 86)(9, 86)(10, 86)(10, 85)(10, 84)(11, 84)(12, 84)(12, 83)(12, 82)(12, 81)(12, 80)(12, 79)(12, 78)(11, 78)(10, 78)(10, 79)(10, 80)(10, 81)(10, 82)(9, 82)(8, 82)(7, 82)(6, 82)(6, 81)(6, 80)(5, 80)(4, 80)(4, 81)(4, 82)(3, 82)(2, 82)(2, 81)(2, 80)(1, 80)(0, 80)(0, 79)(0, 78)(1, 78)(2, 78)(3, 78)(4, 78)(4, 77)(4, 76)(3, 76)(2, 76)(1, 76)(0, 76)(0, 75)(0, 74)(0, 73)(0, 72)(1, 72)(2, 72)(2, 71)(2, 70)(2, 69)(2, 68)(1, 68)(0, 68)(0, 67)(0, 66)(1, 66)(2, 66)(2, 65)(2, 64)(1, 64)(0, 64)(0, 63)(0, 62)(1, 62)(2, 62)(3, 62)(4, 62)(5, 62)(6, 62)(6, 63)(6, 64)(6, 65)(6, 66)(7, 66)(8, 66)(8, 65)(8, 64)(9, 64)(10, 64)(10, 63)(10, 62)(10, 61)(10, 60)(10, 59)(10, 58)(11, 58)(12, 58)(12, 57)(12, 56)(12, 55)(12, 54)(11, 54)(10, 54)(10, 53)(10, 52)(11, 52)(12, 52)(12, 51)(12, 50)(11, 50)(10, 50)(9, 50)(8, 50)(8, 49)(8, 48)(7, 48)(6, 48)(6, 47)(6, 46)(5, 46)(4, 46)(3, 46)(2, 46)(2, 47)(2, 48)(3, 48)(4, 48)(4, 49)(4, 50)(5, 50)(6, 50)(6, 51)(6, 52)(6, 53)(6, 54)(6, 55)(6, 56)(5, 56)(4, 56)(3, 56)(2, 56)(1, 56)(0, 56)(0, 55)(0, 54)(1, 54)(2, 54)(2, 53)(2, 52)(1, 52)(0, 52)(0, 51)(0, 50)(0, 49)(0, 48)(0, 47)(0, 46)(0, 45)(0, 44)(1, 44)(2, 44)(3, 44)(4, 44)(4, 43)(4, 42)(3, 42)(2, 42)(2, 41)(2, 40)(1, 40)(0, 40)(0, 39)(0, 38)(0, 37)(0, 36)(0, 35)(0, 34)(0, 33)(0, 32)(0, 31)(0, 30)(1, 30)(2, 30)(2, 31)(2, 32)(3, 32)(4, 32)(4, 33)(4, 34)(3, 34)(2, 34)(2, 35)(2, 36)(3, 36)(4, 36)(5, 36)(6, 36)(6, 37)(6, 38)(7, 38)(8, 38)(8, 39)(8, 40)(8, 41)(8, 42)(8, 43)(8, 44)(9, 44)(10, 44)(11, 44)(12, 44)(12, 45)(12, 46)(12, 47)(12, 48)(13, 48)(14, 48)(14, 47)(14, 46)(15, 46)(16, 46)(16, 47)(16, 48)(17, 48)(18, 48)(18, 49)(18, 50)(18, 51)(18, 52)(19, 52)(20, 52)(20, 51)(20, 50)(21, 50)(22, 50)(22, 49)(22, 48)(21, 48)(20, 48)(20, 47)(20, 46)(20, 45)(20, 44)(19, 44)(18, 44)(17, 44)(16, 44)(16, 43)(16, 42)(17, 42)(18, 42)(18, 41)(18, 40)(18, 39)(18, 38)(18, 37)(18, 36)(19, 36)(20, 36)(20, 35)(20, 34)(20, 33)(20, 32)(19, 32)(18, 32)(18, 31)(18, 30)(19, 30)(20, 30)(21, 30)(22, 30)(22, 31)(22, 32)(23, 32)(24, 32)(25, 32)(26, 32)(26, 33)(26, 34)(27, 34)(28, 34)(28, 35)(28, 36)(27, 36)(26, 36)(26, 37)(26, 38)(27, 38)(28, 38)(28, 39)(28, 40)(29, 40)(30, 40)(31, 40)(32, 40)(32, 41)(32, 42)(32, 43)(32, 44)(33, 44)(34, 44)(34, 45)(34, 46)(33, 46)(32, 46)(32, 47)(32, 48)(33, 48)(34, 48)(35, 48)(36, 48)(36, 49)(36, 50)(35, 50)(34, 50)(33, 50)(32, 50)(31, 50)(30, 50)(29, 50)(28, 50)(27, 50)(26, 50)(26, 49)(26, 48)(25, 48)(24, 48)(24, 49)(24, 50)(24, 51)(24, 52)(23, 52)(22, 52)(22, 53)(22, 54)(23, 54)(24, 54)(25, 54)(26, 54)(26, 53)(26, 52)(27, 52)(28, 52)(28, 53)(28, 54)(28, 55)(28, 56)(27, 56)(26, 56)(26, 57)(26, 58)(26, 59)(26, 60)(27, 60)(28, 60)(28, 59)(28, 58)(29, 58)(30, 58)(30, 57)(30, 56)(31, 56)(32, 56)(33, 56)(34, 56)(35, 56)(36, 56)(36, 55)(36, 54)(37, 54)(38, 54)(39, 54)(40, 54)(41, 54)(42, 54)(43, 54)(44, 54)(44, 53)(44, 52)(43, 52)(42, 52)(41, 52)(40, 52)(39, 52)(38, 52)(38, 51)(38, 50)(39, 50)(40, 50)(40, 49)(40, 48)(40, 47)(40, 46)(41, 46)(42, 46)(42, 47)(42, 48)(43, 48)(44, 48)(44, 49)(44, 50)(45, 50)(46, 50)(46, 49)(46, 48)(47, 48)(48, 48)(49, 48)(50, 48)(50, 49)(50, 50)(51, 50)(52, 50)(52, 49)(52, 48)(53, 48)(54, 48)(55, 48)(56, 48)(56, 49)(56, 50)(56, 51)(56, 52)(56, 53)(56, 54)(55, 54)(54, 54)(53, 54)(52, 54)(52, 55)(52, 56)(53, 56)(54, 56)(55, 56)(56, 56)(57, 56)(58, 56)(58, 57)(58, 58)(59, 58)(60, 58)(61, 58)(62, 58)(63, 58)(64, 58)(64, 59)(64, 60)(65, 60)(66, 60)(66, 61)(66, 62)(65, 62)(64, 62)(63, 62)(62, 62)(62, 61)(62, 60)(61, 60)(60, 60)(60, 61)(60, 62)(59, 62)(58, 62)(58, 63)(58, 64)(58, 65)(58, 66)(59, 66)(60, 66)(60, 67)(60, 68)(61, 68)(62, 68)(63, 68)(64, 68)(64, 69)(64, 70)(65, 70)(66, 70)(66, 69)(66, 68)(66, 67)(66, 66)(66, 65)(66, 64)(67, 64)(68, 64)(69, 64)(70, 64)(71, 64)(72, 64)(72, 63)(72, 62)(72, 61)(72, 60)(73, 60)(74, 60)(74, 61)(74, 62)(74, 63)(74, 64)(75, 64)(76, 64)(76, 65)(76, 66)(75, 66)(74, 66)(73, 66)(72, 66)(72, 67)(72, 68)(72, 69)(72, 70)(73, 70)(74, 70)(74, 69)(74, 68)(75, 68)(76, 68)(77, 68)(78, 68)(78, 69)(78, 70)(77, 70)(76, 70)(76, 71)(76, 72)(75, 72)(74, 72)(74, 73)(74, 74)(73, 74)(72, 74)(72, 75)(72, 76)(73, 76)(74, 76)(74, 77)(74, 78)(75, 78)(76, 78)(76, 77)(76, 76)(76, 75)(76, 74)(77, 74)(78, 74)(78, 73)(78, 72)(79, 72)(80, 72)(81, 72)(82, 72)(82, 71)(82, 70)(81, 70)(80, 70)(80, 69)(80, 68)(80, 67)(80, 66)(81, 66)(82, 66)(82, 65)(82, 64)(82, 63)(82, 62)(83, 62)(84, 62)(84, 61)(84, 60)(83, 60)(82, 60)(81, 60)(80, 60)(80, 61)(80, 62)(79, 62)(78, 62)(77, 62)(76, 62)(76, 61)(76, 60)(77, 60)(78, 60)(78, 59)(78, 58)(78, 57)(78, 56)(77, 56)(76, 56)(76, 55)(76, 54)(77, 54)(78, 54)(78, 53)(78, 52)(78, 51)(78, 50)(77, 50)(76, 50)(76, 49)(76, 48)(76, 47)(76, 46)(76, 45)(76, 44)(77, 44)(78, 44)(79, 44)(80, 44)(80, 45)(80, 46)(80, 47)(80, 48)(80, 49)(80, 50)(80, 51)(80, 52)(80, 53)(80, 54)(81, 54)(82, 54)(82, 53)(82, 52)(82, 51)(82, 50)(82, 49)(82, 48)(83, 48)(84, 48)(85, 48)(86, 48)(86, 47)(86, 46)(86, 45)(86, 44)(85, 44)(84, 44)(84, 45)(84, 46)(83, 46)(82, 46)(82, 45)(82, 44)(82, 43)(82, 42)(82, 41)(82, 40)(81, 40)(80, 40)(80, 41)(80, 42)(79, 42)(78, 42)(78, 41)(78, 40)(78, 39)(78, 38)(78, 37)(78, 36)(79, 36)(80, 36)(80, 37)(80, 38)(81, 38)(82, 38)(82, 37)(82, 36)(82, 35)(82, 34)(83, 34)(84, 34)(84, 35)(84, 36)(84, 37)(84, 38)(84, 39)(84, 40)(85, 40)(86, 40)(86, 39)(86, 38)(87, 38)(88, 38)(88, 39)(88, 40)(88, 41)(88, 42)(89, 42)(90, 42)(91, 42)(92, 42)(92, 43)(92, 44)(92, 45)(92, 46)(93, 46)(94, 46)(94, 45)(94, 44)(94, 43)(94, 42)(94, 41)(94, 40)(94, 39)(94, 38)(93, 38)(92, 38)(92, 39)(92, 40)(91, 40)(90, 40)(90, 39)(90, 38)(90, 37)(90, 36)(89, 36)(88, 36)(87, 36)(86, 36)(86, 35)(86, 34)(87, 34)(88, 34)(89, 34)(90, 34)(90, 33)(90, 32)(89, 32)(88, 32)(88, 31)(88, 30)(88, 29)(88, 28)(88, 27)(88, 26)(88, 25)(88, 24)(88, 23)(88, 22)(89, 22)(90, 22)(91, 22)(92, 22)(92, 21)(92, 20)(92, 19)(92, 18)(91, 18)(90, 18)(89, 18)(88, 18)(88, 19)(88, 20)(87, 20)(86, 20)(85, 20)(84, 20)(84, 21)(84, 22)(85, 22)(86, 22)(86, 23)(86, 24)(85, 24)(84, 24)(83, 24)(82, 24)(81, 24)(80, 24)(80, 23)(80, 22)(80, 21)(80, 20)(80, 19)(80, 18)(79, 18)(78, 18)(78, 19)(78, 20)(77, 20)(76, 20)(76, 19)(76, 18)(75, 18)(74, 18)(74, 19)(74, 20)(73, 20)(72, 20)(71, 20)(70, 20)(70, 19)(70, 18)(71, 18)(72, 18)(72, 17)(72, 16)(72, 15)(72, 14)(73, 14)(74, 14)(74, 15)(74, 16)(75, 16)(76, 16)(76, 15)(76, 14)(77, 14)(78, 14)(78, 13)(78, 12)(79, 12)(80, 12)(81, 12)(82, 12)(82, 13)(82, 14)(81, 14)(80, 14)(80, 15)(80, 16)(81, 16)(82, 16)(83, 16)(84, 16)(85, 16)(86, 16)(87, 16)(88, 16)(89, 16)(90, 16)(91, 16)(92, 16)(93, 16)(94, 16)(94, 15)(94, 14)(95, 14)(96, 14)(96, 15)(96, 16)(96, 17)(96, 18)(95, 18)(94, 18)(94, 19)(94, 20)(95, 20)(96, 20)(96, 21)(96, 22)(96, 23)(96, 24)(95, 24)(94, 24)(93, 24)(92, 24)(91, 24)(90, 24)(90, 25)(90, 26)(90, 27)(90, 28)(91, 28)(92, 28)(92, 27)(92, 26)(93, 26)(94, 26)(95, 26)(96, 26)(97, 26)(98, 26)(99, 26)(100, 26)(100, 27)(100, 28)(100, 29)(100, 30)(100, 31)(100, 32)(100, 33)(100, 34)(99, 34)(98, 34)(98, 33)(98, 32)(97, 32)(96, 32)(96, 31)(96, 30)(96, 29)(96, 28)(95, 28)(94, 28)(94, 29)(94, 30)(93, 30)(92, 30)(92, 31)(92, 32)(92, 33)(92, 34)(92, 35)(92, 36)(93, 36)(94, 36)(94, 35)(94, 34)(95, 34)(96, 34)(96, 35)(96, 36)(96, 37)(96, 38)(96, 39)(96, 40)(96, 41)(96, 42)(96, 43)(96, 44)(97, 44)(98, 44)(98, 43)(98, 42)(98, 41)(98, 40)(98, 39)(98, 38)(99, 38)(100, 38)(100, 39)(100, 40)(100, 41)(100, 42)(100, 43)(100, 44)(100, 45)(100, 46)(100, 47)(100, 48)(100, 49)(100, 50)(100, 51)(100, 52)(99, 52)(98, 52)(98, 51)(98, 50)(98, 49)(98, 48)(97, 48)(96, 48)(95, 48)(94, 48)(93, 48)(92, 48)(91, 48)(90, 48)(89, 48)(88, 48)(88, 49)(88, 50)(89, 50)(90, 50)(90, 51)(90, 52)(89, 52)(88, 52)(87, 52)(86, 52)(85, 52)(84, 52)(84, 53)(84, 54)(85, 54)(86, 54)(87, 54)(88, 54)(88, 55)(88, 56)(88, 57)(88, 58)(88, 59)(88, 60)(87, 60)(86, 60)(86, 61)(86, 62)(87, 62)(88, 62)(89, 62)(90, 62)(90, 61)(90, 60)(90, 59)(90, 58)(91, 58)(92, 58)(92, 57)(92, 56)(91, 56)(90, 56)(90, 55)(90, 54)(91, 54)(92, 54)(93, 54)(94, 54)(94, 53)(94, 52)(93, 52)(92, 52)(92, 51)(92, 50)(93, 50)(94, 50)(95, 50)(96, 50)(96, 51)(96, 52)(96, 53)(96, 54)(97, 54)(98, 54)(99, 54)(100, 54)(100, 55)(100, 56)(99, 56)(98, 56)(98, 57)(98, 58)(99, 58)(100, 58)(100, 59)(100, 60)(99, 60)(98, 60)(98, 61)(98, 62)(97, 62)(96, 62)(96, 61)(96, 60)(95, 60)(94, 60)(93, 60)(92, 60)(92, 61)(92, 62)(92, 63)(92, 64)(93, 64)(94, 64)(94, 65)(94, 66)(93, 66)(92, 66)(91, 66)(90, 66)(89, 66)(88, 66)(88, 65)(88, 64)(87, 64)(86, 64)(85, 64)(84, 64)(84, 65)(84, 66)(85, 66)(86, 66)(86, 67)(86, 68)(87, 68)(88, 68)(89, 68)(90, 68)(90, 69)(90, 70)(90, 71)(90, 72)(91, 72)(92, 72)(92, 71)(92, 70)(92, 69)(92, 68)(93, 68)(94, 68)(94, 69)(94, 70)(94, 71)(94, 72)(95, 72)(96, 72)(96, 71)(96, 70)(97, 70)(98, 70)(98, 71)(98, 72)(98, 73)(98, 74)(99, 74)(100, 74)(100, 75)(100, 76)(100, 77)(100, 78)(99, 78)(98, 78)(97, 78)(96, 78)(96, 77)(96, 76)(96, 75)(96, 74)(95, 74)(94, 74)(94, 75)(94, 76)(93, 76)(92, 76)(92, 75)(92, 74)(91, 74)(90, 74)(89, 74)(88, 74)(87, 74)(86, 74)(85, 74)(84, 74)(84, 75)(84, 76)(83, 76)(82, 76)(82, 75)(82, 74)(81, 74)(80, 74)(80, 75)(80, 76)(79, 76)(78, 76)(78, 77)(78, 78)(78, 79)(78, 80)(79, 80)(80, 80)(81, 80)(82, 80)(82, 81)(82, 82)(83, 82)(84, 82)(85, 82)(86, 82)(86, 81)(86, 80)(87, 80)(88, 80)(88, 81)(88, 82)(88, 83)(88, 84)(89, 84)(90, 84)(90, 83)(90, 82)(91, 82)(92, 82)(93, 82)(94, 82)(95, 82)(96, 82)(96, 83)(96, 84)(96, 85)(96, 86)(96, 87)(96, 88)(97, 88)(98, 88)(98, 87)(98, 86)(98, 85)(98, 84)(98, 83)(98, 82)(99, 82)(100, 82)(100, 83)(100, 84)(100, 85)(100, 86)(100, 87)(100, 88)(100, 89)(100, 90)(100, 91)(100, 92)(99, 92)(98, 92)(97, 92)(96, 92)(96, 93)(96, 94)(95, 94)(94, 94)(94, 93)(94, 92)(94, 91)(94, 90)(94, 89)(94, 88)(94, 87)(94, 86)(94, 85)(94, 84)(93, 84)(92, 84)(92, 85)(92, 86)(92, 87)(92, 88)(91, 88)(90, 88)(90, 87)(90, 86)(89, 86)(88, 86)(87, 86)(86, 86)(86, 87)(86, 88)(87, 88)(88, 88)(88, 89)(88, 90)(87, 90)(86, 90)(85, 90)(84, 90)(84, 91)(84, 92)(83, 92)(82, 92)(82, 91)(82, 90)(82, 89)(82, 88)(82, 87)(82, 86)(81, 86)(80, 86)(80, 87)(80, 88)(80, 89)(80, 90)(79, 90)(78, 90)(77, 90)(76, 90)(76, 89)(76, 88)(76, 87)(76, 86)(76, 85)(76, 84)(76, 83)(76, 82)(76, 81)(76, 80)(75, 80)(74, 80)(73, 80)(72, 80)(72, 81)(72, 82)(72, 83)(73, 83)

Maze file: 07.txt
A* executions: 36
Expanded Cells: 1037
Path length: 88
Solution: (12, 28)(13, 28)(14, 28)(14, 27)(14, 26)(15, 26)(16, 26)(16, 27)(16, 28)(16, 29)(16, 30)(15, 30)(14, 30)(14, 31)(14, 32)(15, 32)(16, 32)(16, 33)(16, 34)(16, 35)(16, 36)(16, 37)(16, 38)(16, 39)(16, 40)(17, 40)(18, 40)(18, 39)(18, 38)(19, 38)(20, 38)(21, 38)(22, 38)(22, 39)(22, 40)(23, 40)(24, 40)(24, 39)(24, 38)(25, 38)(26, 38)(27, 38)(28, 38)(29, 38)(30, 38)(31, 38)(32, 38)(32, 37)(32, 36)(33, 36)(34, 36)(33, 36)(32, 36)(32, 35)(32, 34)(32, 35)(32, 36)(31, 36)(30, 36)(29, 36)(28, 36)(28, 35)(28, 34)(29, 34)(30, 34)(30, 33)(30, 32)(30, 31)(30, 30)(31, 30)(32, 30)(32, 31)(32, 32)(33, 32)(34, 32)(34, 33)(34, 34)(35, 34)(36, 34)(36, 35)(36, 36)(36, 37)(36, 38)(35, 38)(34, 38)(34, 39)(34, 40)(34, 41)

Maze file: 08.txt
A* executions: 716
Expanded Cells: 89228
Path length: 2141
Solution: (44, 90)(44, 89)(44, 88)(44, 87)(44, 86)(44, 85)(44, 84)(44, 85)(44, 86)(44, 87)(44, 88)(44, 89)(44, 90)(43, 90)(42, 90)(42, 89)(42, 88)(42, 87)(42, 86)(42, 85)(42, 84)(42, 83)(42, 82)(43, 82)(44, 82)(45, 82)(46, 82)(47, 82)(48, 82)(47, 82)(46, 82)(46, 83)(46, 84)(47, 84)(48, 84)(48, 85)(48, 86)(47, 86)(46, 86)(46, 87)(46, 88)(47, 88)(48, 88)(49, 88)(50, 88)(50, 89)(50, 90)(49, 90)(48, 90)(47, 90)(46, 90)(46, 91)(46, 92)(46, 93)(46, 94)(46, 93)(46, 92)(45, 92)(44, 92)(44, 93)(44, 94)(43, 94)(42, 94)(42, 95)(42, 96)(42, 97)(42, 98)(43, 98)(44, 98)(45, 98)(46, 98)(45, 98)(44, 98)(44, 97)(44, 96)(45, 96)(46, 96)(47, 96)(48, 96)(49, 96)(50, 96)(49, 96)(48, 96)(48, 97)(48, 98)(49, 98)(50, 98)(50, 99)(50, 100)(51, 100)(52, 100)(51, 100)(50, 100)(49, 100)(48, 100)(47, 100)(46, 100)(45, 100)(44, 100)(43, 100)(42, 100)(41, 100)(40, 100)(40, 99)(40, 98)(40, 97)(40, 96)(40, 95)(40, 94)(40, 93)(40, 92)(40, 91)(40, 90)(40, 89)(40, 88)(40, 87)(40, 86)(39, 86)(38, 86)(37, 86)(36, 86)(36, 85)(36, 84)(36, 85)(36, 86)(36, 87)(36, 88)(36, 89)(36, 90)(36, 91)(36, 92)(35, 92)(34, 92)(34, 91)(34, 90)(33, 90)(32, 90)(32, 91)(32, 92)(31, 92)(30, 92)(29, 92)(28, 92)(27, 92)(26, 92)(26, 91)(26, 90)(25, 90)(24, 90)(25, 90)(26, 90)(26, 91)(26, 92)(27, 92)(28, 92)(29, 92)(30, 92)(30, 93)(30, 94)(29, 94)(28, 94)(27, 94)(26, 94)(25, 94)(24, 94)(24, 93)(24, 92)(23, 92)(22, 92)(22, 91)(22, 90)(22, 89)(22, 88)(22, 89)(22, 90)(21, 90)(20, 90)(20, 89)(20, 88)(19, 88)(18, 88)(17, 88)(16, 88)(16, 87)(16, 86)(17, 86)(18, 86)(18, 85)(18, 84)(19, 84)(20, 84)(20, 85)(20, 86)(21, 86)(22, 86)(22, 85)(22, 84)(23, 84)(24, 84)(24, 85)(24, 86)(25, 86)(26, 86)(27, 86)(28, 86)(29, 86)(30, 86)(31, 86)(32, 86)(31, 86)(30, 86)(29, 86)(28, 86)(27, 86)(26, 86)(25, 86)(24, 86)(24, 87)(24, 88)(25, 88)(26, 88)(27, 88)(28, 88)(28, 89)(28, 90)(29, 90)(30, 90)(30, 89)(30, 88)(31, 88)(32, 88)(33, 88)(34, 88)(34, 87)(34, 86)(34, 85)(34, 84)(34, 83)(34, 82)(34, 83)(34, 84)(33, 84)(32, 84)(32, 83)(32, 82)(32, 81)(32, 80)(33, 80)(34, 80)(35, 80)(36, 80)(36, 81)(36, 82)(37, 82)(38, 82)(38, 83)(38, 84)(39, 84)(40, 84)(40, 83)(40, 82)(40, 81)(40, 80)(39, 80)(38, 80)(38, 79)(38, 78)(38, 77)(38, 76)(38, 75)(38, 74)(38, 75)(38, 76)(37, 76)(36, 76)(36, 75)(36, 74)(36, 73)(36, 72)(36, 71)(36, 70)(37, 70)(38, 70)(38, 71)(38, 72)(39, 72)(40, 72)(41, 72)(42, 72)(42, 73)(42, 74)(42, 75)(42, 76)(43, 76)(44, 76)(44, 77)(44, 78)(45, 78)(46, 78)(46, 77)(46, 76)(46, 77)(46, 78)(45, 78)(44, 78)(44, 77)(44, 76)(43, 76)(42, 76)(42, 75)(42, 74)(42, 73)(42, 72)(41, 72)(40, 72)(40, 73)(40, 74)(40, 75)(40, 76)(40, 77)(40, 78)(41, 78)(42, 78)(42, 79)(42, 80)(43, 80)(44, 80)(45, 80)(46, 80)(47, 80)(48, 80)(49, 80)(50, 80)(50, 79)(50, 78)(50, 79)(50, 80)(49, 80)(48, 80)(48, 79)(48, 78)(48, 77)(48, 76)(49, 76)(50, 76)(51, 76)(52, 76)(53, 76)(54, 76)(55, 76)(56, 76)(56, 77)(56, 78)(56, 79)(56, 80)(56, 81)(56, 82)(57, 82)(58, 82)(59, 82)(60, 82)(60, 81)(60, 80)(61, 80)(62, 80)(62, 81)(62, 82)(62, 83)(62, 84)(62, 85)(62, 86)(62, 87)(62, 88)(63, 88)(64, 88)(65, 88)(66, 88)(66, 89)(66, 90)(67, 90)(68, 90)(68, 89)(68, 88)(69, 88)(70, 88)(70, 89)(70, 90)(70, 91)(70, 92)(69, 92)(68, 92)(68, 93)(68, 94)(69, 94)(70, 94)(71, 94)(72, 94)(72, 93)(72, 92)(73, 92)(74, 92)(75, 92)(76, 92)(76, 91)(76, 90)(76, 89)(76, 88)(76, 87)(76, 86)(75, 86)(74, 86)(73, 86)(72, 86)(71, 86)(70, 86)(70, 85)(70, 84)(69, 84)(68, 84)(68, 85)(68, 86)(67, 86)(66, 86)(65, 86)(64, 86)(64, 85)(64, 84)(64, 83)(64, 82)(65, 82)(66, 82)(66, 81)(66, 80)(67, 80)(68, 80)(68, 79)(68, 78)(67, 78)(66, 78)(65, 78)(64, 78)(63, 78)(62, 78)(61, 78)(60, 78)(59, 78)(58, 78)(58, 77)(58, 76)(59, 76)(60, 76)(61, 76)(62, 76)(63, 76)(64, 76)(63, 76)(62, 76)(61, 76)(60, 76)(60, 75)(60, 74)(59, 74)(58, 74)(59, 74)(60, 74)(60, 75)(60, 76)(59, 76)(58, 76)(58, 77)(58, 78)(59, 78)(60, 78)(61, 78)(62, 78)(63, 78)(64, 78)(65, 78)(66, 78)(67, 78)(68, 78)(68, 79)(68, 80)(68, 81)(68, 82)(69, 82)(70, 82)(71, 82)(72, 82)(72, 81)(72, 80)(73, 80)(74, 80)(74, 81)(74, 82)(74, 83)(74, 84)(75, 84)(76, 84)(77, 84)(78, 84)(78, 83)(78, 82)(77, 82)(76, 82)(76, 81)(76, 80)(76, 79)(76, 78)(77, 78)(78, 78)(78, 79)(78, 80)(78, 79)(78, 78)(77, 78)(76, 78)(76, 79)(76, 80)(76, 81)(76, 82)(77, 82)(78, 82)(78, 83)(78, 84)(78, 85)(78, 86)(78, 87)(78, 88)(78, 89)(78, 90)(79, 90)(80, 90)(80, 89)(80, 88)(80, 87)(80, 86)(81, 86)(82, 86)(81, 86)(80, 86)(80, 87)(80, 88)(80, 89)(80, 90)(80, 91)(80, 92)(79, 92)(78, 92)(78, 93)(78, 94)(79, 94)(80, 94)(80, 95)(80, 96)(81, 96)(82, 96)(81, 96)(80, 96)(79, 96)(78, 96)(77, 96)(76, 96)(76, 95)(76, 94)(75, 94)(74, 94)(74, 95)(74, 96)(74, 95)(74, 94)(75, 94)(76, 94)(76, 95)(76, 96)(77, 96)(78, 96)(79, 96)(80, 96)(80, 95)(80, 94)(79, 94)(78, 94)(78, 93)(78, 92)(79, 92)(80, 92)(80, 91)(80, 90)(79, 90)(78, 90)(78, 89)(78, 88)(78, 87)(78, 86)(78, 85)(78, 84)(77, 84)(76, 84)(75, 84)(74, 84)(74, 83)(74, 82)(74, 81)(74, 80)(73, 80)(72, 80)(71, 80)(70, 80)(71, 80)(72, 80)(72, 81)(72, 82)(71, 82)(70, 82)(69, 82)(68, 82)(68, 81)(68, 80)(67, 80)(66, 80)(66, 81)(66, 82)(65, 82)(64, 82)(64, 83)(64, 84)(64, 85)(64, 86)(65, 86)(66, 86)(67, 86)(68, 86)(68, 85)(68, 84)(69, 84)(70, 84)(70, 85)(70, 86)(71, 86)(72, 86)(73, 86)(74, 86)(75, 86)(76, 86)(76, 87)(76, 88)(76, 89)(76, 90)(76, 91)(76, 92)(75, 92)(74, 92)(73, 92)(72, 92)(72, 93)(72, 94)(71, 94)(70, 94)(69, 94)(68, 94)(68, 93)(68, 92)(69, 92)(70, 92)(70, 91)(70, 90)(70, 89)(70, 88)(69, 88)(68, 88)(68, 89)(68, 90)(67, 90)(66, 90)(66, 89)(66, 88)(65, 88)(64, 88)(63, 88)(62, 88)(61, 88)(60, 88)(60, 89)(60, 90)(60, 89)(60, 88)(60, 87)(60, 86)(59, 86)(58, 86)(57, 86)(56, 86)(55, 86)(54, 86)(54, 87)(54, 88)(55, 88)(56, 88)(57, 88)(58, 88)(57, 88)(56, 88)(55, 88)(54, 88)(54, 87)(54, 86)(54, 85)(54, 84)(53, 84)(52, 84)(53, 84)(54, 84)(54, 83)(54, 82)(54, 81)(54, 80)(54, 79)(54, 78)(54, 79)(54, 80)(54, 81)(54, 82)(54, 83)(54, 84)(54, 85)(54, 86)(55, 86)(56, 86)(57, 86)(58, 86)(59, 86)(60, 86)(60, 87)(60, 88)(61, 88)(62, 88)(62, 87)(62, 86)(62, 85)(62, 84)(62, 83)(62, 82)(62, 81)(62, 80)(61, 80)(60, 80)(60, 81)(60, 82)(59, 82)(58, 82)(57, 82)(56, 82)(56, 81)(56, 80)(56, 79)(56, 78)(56, 77)(56, 76)(55, 76)(54, 76)(53, 76)(52, 76)(52, 77)(52, 78)(52, 79)(52, 80)(52, 81)(52, 82)(51, 82)(50, 82)(50, 83)(50, 84)(50, 85)(50, 86)(51, 86)(52, 86)(52, 87)(52, 88)(52, 89)(52, 90)(52, 91)(52, 92)(51, 92)(50, 92)(49, 92)(48, 92)(48, 93)(48, 94)(49, 94)(50, 94)(51, 94)(52, 94)(52, 95)(52, 96)(52, 97)(52, 98)(53, 98)(54, 98)(54, 99)(54, 100)(55, 100)(56, 100)(57, 100)(58, 100)(59, 100)(60, 100)(61, 100)(62, 100)(63, 100)(64, 100)(65, 100)(66, 100)(67, 100)(68, 100)(68, 99)(68, 98)(67, 98)(66, 98)(65, 98)(64, 98)(64, 97)(64, 96)(64, 95)(64, 94)(63, 94)(62, 94)(62, 95)(62, 96)(61, 96)(60, 96)(60, 97)(60, 98)(59, 98)(58, 98)(58, 97)(58, 96)(58, 97)(58, 98)(59, 98)(60, 98)(60, 97)(60, 96)(61, 96)(62, 96)(62, 95)(62, 94)(63, 94)(64, 94)(64, 95)(64, 96)(64, 97)(64, 98)(65, 98)(66, 98)(67, 98)(68, 98)(68, 99)(68, 100)(67, 100)(66, 100)(65, 100)(64, 100)(63, 100)(62, 100)(61, 100)(60, 100)(59, 100)(58, 100)(57, 100)(56, 100)(56, 99)(56, 98)(56, 97)(56, 96)(55, 96)(54, 96)(54, 95)(54, 94)(54, 93)(54, 92)(54, 91)(54, 90)(55, 90)(56, 90)(57, 90)(58, 90)(58, 91)(58, 92)(57, 92)(56, 92)(56, 93)(56, 94)(57, 94)(58, 94)(59, 94)(60, 94)(60, 93)(60, 92)(61, 92)(62, 92)(62, 91)(62, 90)(63, 90)(64, 90)(64, 91)(64, 92)(65, 92)(66, 92)(66, 93)(66, 94)(66, 95)(66, 96)(67, 96)(68, 96)(69, 96)(70, 96)(71, 96)(72, 96)(72, 97)(72, 98)(71, 98)(70, 98)(70, 99)(70, 100)(71, 100)(72, 100)(73, 100)(74, 100)(75, 100)(76, 100)(75, 100)(74, 100)(74, 99)(74, 98)(75, 98)(76, 98)(77, 98)(78, 98)(78, 99)(78, 100)(79, 100)(80, 100)(80, 99)(80, 98)(81, 98)(82, 98)(82, 99)(82, 100)(83, 100)(84, 100)(84, 99)(84, 98)(84, 97)(84, 96)(85, 96)(86, 96)(86, 97)(86, 98)(86, 99)(86, 100)(87, 100)(88, 100)(88, 99)(88, 98)(88, 97)(88, 96)(88, 95)(88, 94)(87, 94)(86, 94)(85, 94)(84, 94)(83, 94)(82, 94)(82, 93)(82, 92)(82, 91)(82, 90)(82, 89)(82, 88)(83, 88)(84, 88)(84, 87)(84, 86)(85, 86)(86, 86)(86, 85)(86, 84)(87, 84)(88, 84)(88, 83)(88, 82)(88, 83)(88, 84)(89, 84)(90, 84)(90, 83)(90, 82)(91, 82)(92, 82)(92, 83)(92, 84)(93, 84)(94, 84)(94, 83)(94, 82)(94, 81)(94, 80)(93, 80)(92, 80)(91, 80)(90, 80)(89, 80)(88, 80)(88, 79)(88, 78)(87, 78)(86, 78)(87, 78)(88, 78)(89, 78)(90, 78)(90, 77)(90, 76)(89, 76)(88, 76)(87, 76)(86, 76)(86, 75)(86, 74)(86, 73)(86, 72)(85, 72)(84, 72)(83, 72)(82, 72)(81, 72)(80, 72)(80, 73)(80, 74)(79, 74)(78, 74)(78, 73)(78, 72)(77, 72)(76, 72)(76, 73)(76, 74)(75, 74)(74, 74)(74, 73)(74, 72)(74, 73)(74, 74)(75, 74)(76, 74)(76, 73)(76, 72)(77, 72)(78, 72)(78, 73)(78, 74)(79, 74)(80, 74)(80, 73)(80, 72)(81, 72)(82, 72)(82, 73)(82, 74)(82, 75)(82, 76)(82, 77)(82, 78)(82, 77)(82, 76)(82, 75)(82, 74)(83, 74)(84, 74)(84, 75)(84, 76)(84, 77)(84, 78)(84, 79)(84, 80)(85, 80)(86, 80)(86, 81)(86, 82)(85, 82)(84, 82)(84, 83)(84, 84)(83, 84)(82, 84)(81, 84)(80, 84)(80, 83)(80, 82)(81, 82)(82, 82)(82, 81)(82, 80)(81, 80)(80, 80)(80, 79)(80, 78)(80, 77)(80, 76)(79, 76)(78, 76)(77, 76)(76, 76)(75, 76)(74, 76)(73, 76)(72, 76)(73, 76)(74, 76)(74, 77)(74, 78)(73, 78)(72, 78)(71, 78)(70, 78)(70, 77)(70, 76)(70, 75)(70, 74)(71, 74)(72, 74)(72, 73)(72, 72)(72, 71)(72, 70)(72, 69)(72, 68)(73, 68)(74, 68)(75, 68)(76, 68)(76, 67)(76, 66)(76, 65)(76, 64)(76, 63)(76, 62)(77, 62)(78, 62)(78, 63)(78, 64)(78, 63)(78, 62)(77, 62)(76, 62)(76, 63)(76, 64)(76, 65)(76, 66)(76, 67)(76, 68)(75, 68)(74, 68)(74, 69)(74, 70)(75, 70)(76, 70)(77, 70)(78, 70)(78, 69)(78, 68)(78, 67)(78, 66)(79, 66)(80, 66)(80, 67)(80, 68)(80, 69)(80, 70)(81, 70)(82, 70)(82, 69)(82, 68)(82, 67)(82, 66)(82, 65)(82, 64)(81, 64)(80, 64)(80, 63)(80, 62)(81, 62)(82, 62)(82, 61)(82, 60)(81, 60)(80, 60)(79, 60)(78, 60)(77, 60)(76, 60)(75, 60)(74, 60)(73, 60)(72, 60)(71, 60)(70, 60)(70, 59)(70, 58)(70, 57)(70, 56)(70, 55)(70, 54)(70, 55)(70, 56)(70, 57)(70, 58)(70, 59)(70, 60)(70, 61)(70, 62)(71, 62)(72, 62)(72, 63)(72, 64)(71, 64)(70, 64)(69, 64)(68, 64)(67, 64)(66, 64)(67, 64)(68, 64)(69, 64)(70, 64)(71, 64)(72, 64)(72, 63)(72, 62)(71, 62)(70, 62)(70, 61)(70, 60)(71, 60)(72, 60)(73, 60)(74, 60)(74, 61)(74, 62)(74, 63)(74, 64)(74, 65)(74, 66)(73, 66)(72, 66)(71, 66)(70, 66)(70, 67)(70, 68)(69, 68)(68, 68)(68, 67)(68, 66)(67, 66)(66, 66)(65, 66)(64, 66)(64, 67)(64, 68)(63, 68)(62, 68)(62, 67)(62, 66)(62, 67)(62, 68)(62, 69)(62, 70)(61, 70)(60, 70)(59, 70)(58, 70)(57, 70)(56, 70)(55, 70)(54, 70)(53, 70)(52, 70)(52, 71)(52, 72)(51, 72)(50, 72)(49, 72)(48, 72)(49, 72)(50, 72)(51, 72)(52, 72)(53, 72)(54, 72)(53, 72)(52, 72)(52, 71)(52, 70)(53, 70)(54, 70)(55, 70)(56, 70)(57, 70)(58, 70)(59, 70)(60, 70)(61, 70)(62, 70)(63, 70)(64, 70)(64, 71)(64, 72)(65, 72)(66, 72)(65, 72)(64, 72)(64, 71)(64, 70)(63, 70)(62, 70)(62, 69)(62, 68)(63, 68)(64, 68)(64, 67)(64, 66)(65, 66)(66, 66)(66, 67)(66, 68)(66, 69)(66, 70)(67, 70)(68, 70)(68, 71)(68, 72)(68, 73)(68, 74)(68, 75)(68, 76)(67, 76)(66, 76)(66, 75)(66, 74)(65, 74)(64, 74)(63, 74)(62, 74)(62, 73)(62, 72)(61, 72)(60, 72)(59, 72)(58, 72)(57, 72)(56, 72)(56, 73)(56, 74)(55, 74)(54, 74)(53, 74)(52, 74)(51, 74)(50, 74)(49, 74)(48, 74)(47, 74)(46, 74)(45, 74)(44, 74)(44, 73)(44, 72)(45, 72)(46, 72)(46, 71)(46, 70)(45, 70)(44, 70)(44, 69)(44, 68)(43, 68)(42, 68)(43, 68)(44, 68)(44, 69)(44, 70)(43, 70)(42, 70)(41, 70)(40, 70)(40, 69)(40, 68)(39, 68)(38, 68)(37, 68)(36, 68)(35, 68)(34, 68)(34, 69)(34, 70)(33, 70)(32, 70)(32, 71)(32, 72)(33, 72)(34, 72)(34, 73)(34, 74)(33, 74)(32, 74)(32, 75)(32, 76)(31, 76)(30, 76)(29, 76)(28, 76)(28, 77)(28, 78)(28, 79)(28, 80)(28, 81)(28, 82)(29, 82)(30, 82)(30, 83)(30, 84)(29, 84)(28, 84)(27, 84)(26, 84)(26, 83)(26, 82)(25, 82)(24, 82)(24, 81)(24, 80)(25, 80)(26, 80)(26, 79)(26, 78)(26, 77)(26, 76)(26, 75)(26, 74)(27, 74)(28, 74)(29, 74)(30, 74)(30, 73)(30, 72)(29, 72)(28, 72)(27, 72)(26, 72)(26, 71)(26, 70)(26, 69)(26, 68)(26, 67)(26, 66)(26, 67)(26, 68)(25, 68)(24, 68)(24, 67)(24, 66)(23, 66)(22, 66)(21, 66)(20, 66)(20, 67)(20, 68)(20, 69)(20, 70)(20, 71)(20, 72)(21, 72)(22, 72)(21, 72)(20, 72)(20, 71)(20, 70)(21, 70)(22, 70)(23, 70)(24, 70)(24, 71)(24, 72)(24, 73)(24, 74)(23, 74)(22, 74)(21, 74)(20, 74)(20, 75)(20, 76)(21, 76)(22, 76)(22, 77)(22, 78)(22, 79)(22, 80)(21, 80)(20, 80)(20, 79)(20, 78)(19, 78)(18, 78)(18, 79)(18, 80)(17, 80)(16, 80)(16, 79)(16, 78)(15, 78)(14, 78)(14, 77)(14, 76)(13, 76)(12, 76)(12, 75)(12, 74)(13, 74)(14, 74)(15, 74)(16, 74)(16, 75)(16, 76)(17, 76)(18, 76)(18, 75)(18, 74)(18, 73)(18, 72)(17, 72)(16, 72)(15, 72)(14, 72)(14, 71)(14, 70)(13, 70)(12, 70)(11, 70)(10, 70)(11, 70)(12, 70)(12, 71)(12, 72)(11, 72)(10, 72)(9, 72)(8, 72)(8, 71)(8, 70)(8, 69)(8, 68)(9, 68)(10, 68)(11, 68)(12, 68)(13, 68)(14, 68)(15, 68)(16, 68)(16, 69)(16, 70)(17, 70)(18, 70)(18, 69)(18, 68)(18, 67)(18, 66)(17, 66)(16, 66)(16, 65)(16, 64)(17, 64)(18, 64)(19, 64)(20, 64)(21, 64)(22, 64)(23, 64)(24, 64)(25, 64)(26, 64)(27, 64)(28, 64)(29, 64)(30, 64)(31, 64)(32, 64)(31, 64)(30, 64)(30, 65)(30, 66)(30, 65)(30, 64)(29, 64)(28, 64)(28, 65)(28, 66)(28, 67)(28, 68)(28, 69)(28, 70)(29, 70)(30, 70)(30, 69)(30, 68)(31, 68)(32, 68)(32, 67)(32, 66)(33, 66)(34, 66)(34, 65)(34, 64)(35, 64)(36, 64)(37, 64)(38, 64)(39, 64)(40, 64)(41, 64)(42, 64)(43, 64)(44, 64)(45, 64)(46, 64)(46, 63)(46, 62)(46, 61)(46, 60)(47, 60)(48, 60)(48, 61)(48, 62)(49, 62)(50, 62)(51, 62)(52, 62)(52, 63)(52, 64)(53, 64)(54, 64)(54, 63)(54, 62)(54, 61)(54, 60)(55, 60)(56, 60)(56, 61)(56, 62)(56, 63)(56, 64)(57, 64)(58, 64)(58, 63)(58, 62)(59, 62)(60, 62)(61, 62)(62, 62)(62, 61)(62, 60)(63, 60)(64, 60)(65, 60)(66, 60)(65, 60)(64, 60)(63, 60)(62, 60)(62, 61)(62, 62)(61, 62)(60, 62)(59, 62)(58, 62)(58, 63)(58, 64)(58, 65)(58, 66)(58, 65)(58, 64)(57, 64)(56, 64)(56, 63)(56, 62)(56, 61)(56, 60)(55, 60)(54, 60)(53, 60)(52, 60)(51, 60)(50, 60)(51, 60)(52, 60)(53, 60)(54, 60)(54, 61)(54, 62)(54, 63)(54, 64)(53, 64)(52, 64)(52, 65)(52, 66)(51, 66)(50, 66)(50, 65)(50, 64)(49, 64)(48, 64)(48, 65)(48, 66)(48, 65)(48, 64)(49, 64)(50, 64)(50, 65)(50, 66)(51, 66)(52, 66)(52, 65)(52, 64)(52, 63)(52, 62)(51, 62)(50, 62)(49, 62)(48, 62)(48, 61)(48, 60)(47, 60)(46, 60)(46, 61)(46, 62)(45, 62)(44, 62)(45, 62)(46, 62)(46, 63)(46, 64)(45, 64)(44, 64)(43, 64)(42, 64)(41, 64)(40, 64)(39, 64)(38, 64)(37, 64)(36, 64)(36, 65)(36, 66)(37, 66)(38, 66)(39, 66)(40, 66)(41, 66)(42, 66)(43, 66)(44, 66)(45, 66)(46, 66)(46, 67)(46, 68)(47, 68)(48, 68)(48, 69)(48, 70)(49, 70)(50, 70)(50, 69)(50, 68)(51, 68)(52, 68)(53, 68)(54, 68)(54, 67)(54, 66)(55, 66)(56, 66)(56, 67)(56, 68)(57, 68)(58, 68)(59, 68)(60, 68)(60, 67)(60, 66)(60, 65)(60, 64)(61, 64)(62, 64)(63, 64)(64, 64)(64, 63)(64, 62)(65, 62)(66, 62)(67, 62)(68, 62)(68, 61)(68, 60)(68, 59)(68, 58)(67, 58)(66, 58)(66, 57)(66, 56)(67, 56)(68, 56)(68, 55)(68, 54)(68, 53)(68, 52)(68, 51)(68, 50)(69, 50)(70, 50)(70, 51)(70, 52)(71, 52)(72, 52)(72, 53)(72, 54)(72, 55)(72, 56)(72, 57)(72, 58)(73, 58)(74, 58)(75, 58)(76, 58)(76, 57)(76, 56)(77, 56)(78, 56)(78, 55)(78, 54)(78, 53)(78, 52)(79, 52)(80, 52)(81, 52)(82, 52)(83, 52)(84, 52)(84, 53)(84, 54)(84, 55)(84, 56)(85, 56)(86, 56)(87, 56)(88, 56)(88, 55)(88, 54)(87, 54)(86, 54)(86, 53)(86, 52)(87, 52)(88, 52)(89, 52)(90, 52)(90, 51)(90, 50)(90, 51)(90, 52)(90, 53)(90, 54)(91, 54)(92, 54)(92, 53)(92, 52)(92, 51)(92, 50)(93, 50)(94, 50)(94, 49)(94, 48)(93, 48)(92, 48)(91, 48)(90, 48)(89, 48)(88, 48)(88, 47)(88, 46)(88, 45)(88, 44)(88, 45)(88, 46)(88, 47)(88, 48)(88, 49)(88, 50)(87, 50)(86, 50)(86, 49)(86, 48)(86, 47)(86, 46)(86, 45)(86, 44)(86, 43)(86, 42)(87, 42)(88, 42)(89, 42)(90, 42)(90, 43)(90, 44)(90, 45)(90, 46)(91, 46)(92, 46)(93, 46)(94, 46)(95, 46)(96, 46)(96, 45)(96, 44)(96, 43)(96, 42)(95, 42)(94, 42)(94, 41)(94, 40)(94, 39)(94, 38)(94, 37)(94, 36)(95, 36)(96, 36)(97, 36)(98, 36)(98, 35)(98, 34)(98, 35)(98, 36)(99, 36)(100, 36)(100, 35)(100, 34)(100, 33)(100, 32)(99, 32)(98, 32)(97, 32)(96, 32)(95, 32)(94, 32)(95, 32)(96, 32)(96, 33)(96, 34)(95, 34)(94, 34)(93, 34)(92, 34)(91, 34)(90, 34)(89, 34)(88, 34)(87, 34)(86, 34)(85, 34)(84, 34)(84, 33)(84, 32)(84, 31)(84, 30)(85, 30)(86, 30)(86, 29)(86, 28)(87, 28)(88, 28)(88, 29)(88, 30)(89, 30)(90, 30)(90, 31)(90, 32)(91, 32)(92, 32)(92, 31)(92, 30)(93, 30)(94, 30)(94, 29)(94, 28)(94, 27)(94, 26)(95, 26)(96, 26)(97, 26)(98, 26)(98, 27)(98, 28)(97, 28)(96, 28)(96, 29)(96, 30)(97, 30)(98, 30)(99, 30)(100, 30)(100, 29)(100, 28)(100, 27)(100, 26)(100, 25)(100, 24)(100, 23)(100, 22)(99, 22)(98, 22)(98, 23)(98, 24)(97, 24)(96, 24)(96, 23)(96, 22)(96, 21)(96, 20)(97, 20)(98, 20)(98, 19)(98, 18)(98, 19)(98, 20)(99, 20)(100, 20)(100, 19)(100, 18)(100, 17)(100, 16)(100, 15)(100, 14)(100, 13)(100, 12)(99, 12)(98, 12)(97, 12)(96, 12)(97, 12)(98, 12)(98, 11)(98, 10)(99, 10)(100, 10)(100, 9)(100, 8)(99, 8)(98, 8)(97, 8)(96, 8)(96, 9)(96, 10)(95, 10)(94, 10)(93, 10)(92, 10)(92, 11)(92, 12)(92, 13)(92, 14)(92, 15)(92, 16)(92, 17)(92, 18)(92, 17)(92, 16)(93, 16)(94, 16)(93, 16)(92, 16)(92, 15)(92, 14)(92, 13)(92, 12)(92, 11)(92, 10)(93, 10)(94, 10)(95, 10)(96, 10)(96, 9)(96, 8)(97, 8)(98, 8)(99, 8)(100, 8)(100, 7)(100, 6)(99, 6)(98, 6)(97, 6)(96, 6)(95, 6)(94, 6)(94, 5)(94, 4)(95, 4)(96, 4)(96, 3)(96, 2)(96, 1)(96, 0)(95, 0)(94, 0)(94, 1)(94, 2)(93, 2)(92, 2)(92, 1)(92, 0)(91, 0)(90, 0)(89, 0)(88, 0)(87, 0)(86, 0)(85, 0)(84, 0)(84, 1)(83, 1)

Maze file: 09.txt
A* executions: 559
Expanded Cells: 80066
Path length: 1006
Solution: (38, 12)(37, 12)(36, 12)(36, 13)(36, 14)(36, 15)(36, 16)(35, 16)(34, 16)(34, 15)(34, 14)(34, 13)(34, 12)(34, 11)(34, 10)(33, 10)(32, 10)(31, 10)(30, 10)(30, 11)(30, 12)(30, 13)(30, 14)(30, 15)(30, 16)(30, 15)(30, 14)(30, 13)(30, 12)(31, 12)(32, 12)(32, 13)(32, 14)(32, 15)(32, 16)(32, 17)(32, 18)(31, 18)(30, 18)(30, 19)(30, 20)(30, 21)(30, 22)(30, 23)(30, 24)(31, 24)(32, 24)(32, 25)(32, 26)(33, 26)(34, 26)(34, 25)(34, 24)(35, 24)(36, 24)(36, 25)(36, 26)(37, 26)(38, 26)(39, 26)(40, 26)(40, 25)(40, 24)(41, 24)(42, 24)(42, 23)(42, 22)(43, 22)(44, 22)(44, 23)(44, 24)(45, 24)(46, 24)(47, 24)(48, 24)(49, 24)(50, 24)(51, 24)(52, 24)(52, 25)(52, 26)(53, 26)(54, 26)(55, 26)(56, 26)(56, 27)(56, 28)(56, 29)(56, 30)(57, 30)(58, 30)(58, 31)(58, 32)(57, 32)(56, 32)(55, 32)(54, 32)(53, 32)(52, 32)(52, 31)(52, 30)(52, 29)(52, 28)(51, 28)(50, 28)(50, 29)(50, 30)(50, 31)(50, 32)(50, 33)(50, 34)(50, 35)(50, 36)(49, 36)(48, 36)(47, 36)(46, 36)(46, 37)(46, 38)(45, 38)(44, 38)(44, 37)(44, 36)(44, 35)(44, 34)(45, 34)(46, 34)(47, 34)(48, 34)(48, 33)(48, 32)(48, 31)(48, 30)(47, 30)(46, 30)(46, 29)(46, 28)(45, 28)(44, 28)(44, 27)(44, 26)(43, 26)(42, 26)(42, 27)(42, 28)(42, 29)(42, 30)(43, 30)(44, 30)(44, 31)(44, 32)(43, 32)(42, 32)(41, 32)(40, 32)(40, 31)(40, 30)(40, 29)(40, 28)(39, 28)(38, 28)(38, 29)(38, 30)(38, 31)(38, 32)(37, 32)(36, 32)(36, 33)(36, 34)(36, 35)(36, 36)(35, 36)(34, 36)(33, 36)(32, 36)(32, 35)(32, 34)(33, 34)(34, 34)(34, 33)(34, 32)(34, 31)(34, 30)(35, 30)(36, 30)(36, 29)(36, 28)(35, 28)(34, 28)(33, 28)(32, 28)(32, 29)(32, 30)(32, 31)(32, 32)(31, 32)(30, 32)(29, 32)(28, 32)(28, 33)(28, 34)(28, 35)(28, 36)(28, 37)(28, 38)(29, 38)(30, 38)(30, 39)(30, 40)(30, 41)(30, 42)(29, 42)(28, 42)(28, 43)(28, 44)(27, 44)(26, 44)(26, 45)(26, 46)(25, 46)(24, 46)(24, 47)(24, 48)(24, 49)(24, 50)(24, 51)(24, 52)(24, 53)(24, 54)(24, 55)(24, 56)(25, 56)(26, 56)(27, 56)(28, 56)(28, 55)(28, 54)(29, 54)(30, 54)(31, 54)(32, 54)(32, 55)(32, 56)(33, 56)(34, 56)(34, 55)(34, 54)(34, 53)(34, 52)(33, 52)(32, 52)(32, 51)(32, 50)(32, 49)(32, 48)(31, 48)(30, 48)(29, 48)(28, 48)(28, 47)(28, 46)(29, 46)(30, 46)(31, 46)(32, 46)(32, 45)(32, 44)(32, 43)(32, 42)(33, 42)(34, 42)(34, 41)(34, 40)(35, 40)(36, 40)(37, 40)(38, 40)(38, 41)(38, 42)(38, 43)(38, 44)(39, 44)(40, 44)(40, 45)(40, 46)(41, 46)(42, 46)(42, 47)(42, 48)(41, 48)(40, 48)(40, 49)(40, 50)(41, 50)(42, 50)(42, 51)(42, 52)(43, 52)(44, 52)(44, 53)(44, 54)(43, 54)(42, 54)(42, 55)(42, 56)(41, 56)(40, 56)(40, 57)(40, 58)(40, 59)(40, 60)(39, 60)(38, 60)(37, 60)(36, 60)(36, 59)(36, 58)(35, 58)(34, 58)(33, 58)(32, 58)(31, 58)(30, 58)(29, 58)(28, 58)(28, 59)(28, 60)(27, 60)(26, 60)(26, 61)(26, 62)(27, 62)(28, 62)(29, 62)(30, 62)(30, 63)(30, 64)(30, 65)(30, 66)(31, 66)(32, 66)(32, 67)(32, 68)(33, 68)(34, 68)(34, 69)(34, 70)(33, 70)(32, 70)(32, 71)(32, 72)(31, 72)(30, 72)(30, 71)(30, 70)(30, 69)(30, 68)(29, 68)(28, 68)(27, 68)(26, 68)(25, 68)(24, 68)(24, 67)(24, 66)(25, 66)(26, 66)(26, 65)(26, 64)(25, 64)(24, 64)(23, 64)(22, 64)(22, 65)(22, 66)(21, 66)(20, 66)(20, 65)(20, 64)(20, 63)(20, 62)(21, 62)(22, 62)(22, 61)(22, 60)(23, 60)(24, 60)(24, 59)(24, 58)(23, 58)(22, 58)(21, 58)(20, 58)(20, 59)(20, 60)(19, 60)(18, 60)(18, 59)(18, 58)(18, 57)(18, 56)(18, 55)(18, 54)(19, 54)(20, 54)(20, 55)(20, 56)(21, 56)(22, 56)(22, 55)(22, 54)(22, 53)(22, 52)(22, 51)(22, 50)(22, 49)(22, 48)(21, 48)(20, 48)(20, 47)(20, 46)(20, 45)(20, 44)(20, 43)(20, 42)(20, 41)(20, 40)(20, 39)(20, 38)(20, 37)(20, 36)(21, 36)(22, 36)(23, 36)(24, 36)(24, 37)(24, 38)(23, 38)(22, 38)(22, 39)(22, 40)(23, 40)(24, 40)(25, 40)(26, 40)(26, 39)(26, 38)(26, 37)(26, 36)(26, 35)(26, 34)(26, 33)(26, 32)(25, 32)(24, 32)(23, 32)(22, 32)(22, 31)(22, 30)(21, 30)(20, 30)(20, 29)(20, 28)(19, 28)(18, 28)(18, 29)(18, 30)(17, 30)(16, 30)(15, 30)(14, 30)(14, 29)(14, 28)(15, 28)(16, 28)(16, 27)(16, 26)(17, 26)(18, 26)(18, 25)(18, 24)(17, 24)(16, 24)(15, 24)(14, 24)(14, 23)(14, 22)(13, 22)(12, 22)(12, 21)(12, 20)(12, 19)(12, 18)(13, 18)(14, 18)(15, 18)(16, 18)(17, 18)(18, 18)(19, 18)(20, 18)(21, 18)(22, 18)(22, 19)(22, 20)(23, 20)(24, 20)(25, 20)(26, 20)(26, 19)(26, 18)(26, 17)(26, 16)(25, 16)(24, 16)(24, 15)(24, 14)(24, 13)(24, 12)(25, 12)(26, 12)(26, 11)(26, 10)(26, 9)(26, 8)(26, 7)(26, 6)(25, 6)(24, 6)(23, 6)(22, 6)(22, 5)(22, 4)(22, 3)(22, 2)(22, 1)(22, 0)(21, 0)(20, 0)(19, 0)(18, 0)(18, 1)(18, 2)(18, 3)(18, 4)(18, 5)(18, 6)(18, 7)(18, 8)(17, 8)(16, 8)(16, 7)(16, 6)(15, 6)(14, 6)(14, 5)(14, 4)(13, 4)(12, 4)(12, 3)(12, 2)(13, 2)(14, 2)(15, 2)(16, 2)(16, 1)(16, 0)(15, 0)(14, 0)(13, 0)(12, 0)(11, 0)(10, 0)(9, 0)(8, 0)(8, 1)(8, 2)(8, 3)(8, 4)(7, 4)(6, 4)(5, 4)(4, 4)(4, 3)(4, 2)(5, 2)(6, 2)(6, 1)(6, 0)(5, 0)(4, 0)(3, 0)(2, 0)(1, 0)(0, 0)(0, 1)(0, 2)(1, 2)(2, 2)(2, 3)(2, 4)(1, 4)(0, 4)(0, 5)(0, 6)(1, 6)(2, 6)(2, 7)(2, 8)(3, 8)(4, 8)(5, 8)(6, 8)(7, 8)(8, 8)(9, 8)(10, 8)(10, 9)(10, 10)(11, 10)(12, 10)(12, 11)(12, 12)(12, 13)(12, 14)(11, 14)(10, 14)(10, 13)(10, 12)(9, 12)(8, 12)(8, 13)(8, 14)(8, 15)(8, 16)(7, 16)(6, 16)(5, 16)(4, 16)(3, 16)(2, 16)(1, 16)(0, 16)(0, 17)(0, 18)(0, 19)(0, 20)(1, 20)(2, 20)(2, 21)(2, 22)(2, 23)(2, 24)(1, 24)(0, 24)(0, 25)(0, 26)(1, 26)(2, 26)(3, 26)(4, 26)(4, 25)(4, 24)(5, 24)(6, 24)(7, 24)(8, 24)(8, 23)(8, 22)(9, 22)(10, 22)(10, 23)(10, 24)(10, 25)(10, 26)(9, 26)(8, 26)(7, 26)(6, 26)(6, 27)(6, 28)(6, 29)(6, 30)(5, 30)(4, 30)(4, 29)(4, 28)(3, 28)(2, 28)(2, 29)(2, 30)(1, 30)(0, 30)(0, 31)(0, 32)(1, 32)(2, 32)(2, 33)(2, 34)(1, 34)(0, 34)(0, 35)(0, 36)(1, 36)(2, 36)(2, 37)(2, 38)(2, 39)(2, 40)(1, 40)(0, 40)(0, 41)(0, 42)(0, 43)(0, 44)(0, 45)(0, 46)(1, 46)(2, 46)(2, 45)(2, 44)(3, 44)(4, 44)(5, 44)(6, 44)(6, 43)(6, 42)(6, 41)(6, 40)(6, 39)(6, 38)(6, 37)(6, 36)(6, 35)(6, 34)(7, 34)(8, 34)(8, 33)(8, 32)(8, 31)(8, 30)(8, 29)(8, 28)(9, 28)(10, 28)(10, 29)(10, 30)(11, 30)(12, 30)(12, 31)(12, 32)(11, 32)(10, 32)(10, 33)(10, 34)(10, 35)(10, 36)(10, 37)(10, 38)(9, 38)(8, 38)(8, 39)(8, 40)(8, 41)(8, 42)(8, 43)(8, 44)(8, 45)(8, 46)(9, 46)(10, 46)(10, 47)(10, 48)(11, 48)(12, 48)(12, 49)(12, 50)(12, 51)(12, 52)(13, 52)(14, 52)(15, 52)(16, 52)(16, 53)(16, 54)(15, 54)(14, 54)(14, 55)(14, 56)(14, 57)(14, 58)(15, 58)(16, 58)(16, 59)(16, 60)(16, 61)(16, 62)(15, 62)(14, 62)(14, 63)(14, 64)(15, 64)(16, 64)(16, 65)(16, 66)(15, 66)(14, 66)(13, 66)(12, 66)(11, 66)(10, 66)(9, 66)(8, 66)(8, 67)(8, 68)(9, 68)(10, 68)(11, 68)(12, 68)(12, 69)(12, 70)(13, 70)(14, 70)(14, 69)(14, 68)(15, 68)(16, 68)(17, 68)(18, 68)(19, 68)(20, 68)(21, 68)(22, 68)(22, 69)(22, 70)(23, 70)(24, 70)(25, 70)(26, 70)(26, 71)(26, 72)(26, 73)(26, 74)(26, 75)(26, 76)(27, 76)(28, 76)(29, 76)(30, 76)(30, 77)(30, 78)(30, 79)(30, 80)(30, 81)(30, 82)(31, 82)(32, 82)(32, 83)(32, 84)(31, 84)(30, 84)(29, 84)(28, 84)(28, 83)(28, 82)(28, 81)(28, 80)(28, 79)(28, 78)(27, 78)(26, 78)(26, 79)(26, 80)(25, 80)(24, 80)(23, 80)(22, 80)(22, 81)(22, 82)(21, 82)(20, 82)(20, 83)(20, 84)(20, 85)(20, 86)(20, 87)(20, 88)(19, 88)(18, 88)(18, 87)(18, 86)(18, 85)(18, 84)(18, 83)(18, 82)(18, 81)(18, 80)(17, 80)(16, 80)(16, 81)(16, 82)(15, 82)(14, 82)(13, 82)(12, 82)(11, 82)(10, 82)(10, 83)(10, 84)(10, 85)(10, 86)(9, 86)(8, 86)(8, 87)(8, 88)(7, 88)(6, 88)(6, 89)(6, 90)(7, 90)(8, 90)(9, 90)(10, 90)(10, 89)(10, 88)(11, 88)(12, 88)(12, 87)(12, 86)(12, 85)(12, 84)(13, 84)(14, 84)(14, 85)(14, 86)(14, 87)(14, 88)(14, 89)(14, 90)(14, 91)(14, 92)(13, 92)(12, 92)(11, 92)(10, 92)(10, 93)(10, 94)(10, 95)(10, 96)(9, 96)(8, 96)(8, 97)(8, 98)(9, 98)(10, 98)(10, 99)(10, 100)(11, 100)(12, 100)(13, 100)(14, 100)(14, 99)(14, 98)(13, 98)(12, 98)(12, 97)(12, 96)(13, 96)(14, 96)(14, 95)(14, 94)(15, 94)(16, 94)(16, 93)(16, 92)(16, 91)(16, 90)(17, 90)(18, 90)(19, 90)(20, 90)(20, 91)(20, 92)(20, 93)(20, 94)(20, 95)(20, 96)(21, 96)(22, 96)(22, 95)(22, 94)(23, 94)(24, 94)(25, 94)(26, 94)(26, 95)(26, 96)(27, 96)(28, 96)(28, 97)(28, 98)(28, 99)(28, 100)(27, 100)(26, 100)(26, 99)

